   8.1510436e-02
   7.5903152e-02
   7.0307997e-02
   6.4731238e-02
   5.9179420e-02
   5.3659362e-02
   4.8178162e-02
   4.2743188e-02
   3.7362078e-02
   3.2042733e-02
   2.6793311e-02
   2.1622221e-02
   1.6538108e-02
   1.1549843e-02
   6.6665136e-03
   1.8974000e-03
   0.0000000e+00
   0.0000000e+00
   0.0000000e+00
   0.0000000e+00
   0.0000000e+00
   0.0000000e+00
   0.0000000e+00
   0.0000000e+00
   0.0000000e+00
   0.0000000e+00
   0.0000000e+00
   0.0000000e+00
   0.0000000e+00
   0.0000000e+00
   0.0000000e+00
   0.0000000e+00
   0.0000000e+00
   0.0000000e+00
   0.0000000e+00
   0.0000000e+00
   0.0000000e+00
   0.0000000e+00
   0.0000000e+00
   0.0000000e+00
   0.0000000e+00
   0.0000000e+00
   0.0000000e+00
   0.0000000e+00
   0.0000000e+00
   0.0000000e+00
   0.0000000e+00
   0.0000000e+00
   0.0000000e+00
   0.0000000e+00
   0.0000000e+00
   0.0000000e+00
   0.0000000e+00
   0.0000000e+00
   0.0000000e+00
   0.0000000e+00
   1.6435706e-03
   6.6896368e-03
   1.1801320e-02
   1.6948549e-02
   2.2099696e-02
   2.7221694e-02
   3.2280172e-02
   3.7239610e-02
   4.2063522e-02
   4.6714653e-02
   5.1155210e-02
   5.5347105e-02
   5.9252226e-02
   6.2832730e-02
   6.6051354e-02
   6.8871745e-02
   7.1258814e-02
   7.3179098e-02
   7.4601139e-02
   7.5495876e-02
   7.5837042e-02
   7.5601562e-02
   7.4769962e-02
   7.3326761e-02
   7.1260865e-02
   6.8565942e-02
   6.5240783e-02
   6.1289636e-02
   5.6722516e-02
   5.1555474e-02
   4.5810838e-02
   3.9517394e-02
   3.2710535e-02
   2.5432339e-02
   1.7731599e-02
   9.6637849e-03
   1.2909396e-03
   0.0000000e+00
   0.0000000e+00
   0.0000000e+00
   0.0000000e+00
   0.0000000e+00
   0.0000000e+00
   0.0000000e+00
   0.0000000e+00
   0.0000000e+00
   0.0000000e+00
   0.0000000e+00
   0.0000000e+00
   0.0000000e+00
   0.0000000e+00
   0.0000000e+00
   0.0000000e+00
   0.0000000e+00
   0.0000000e+00
   0.0000000e+00
   0.0000000e+00
   0.0000000e+00
   0.0000000e+00
   0.0000000e+00
   0.0000000e+00
   0.0000000e+00
   0.0000000e+00
   0.0000000e+00
   6.5381148e-03
   2.6921758e-02
   4.8998673e-02
   7.2715161e-02
   9.8004778e-02
   1.2478857e-01
   1.5297539e-01
   1.8246239e-01
   2.1313552e-01
   2.4487018e-01
   2.7753196e-01
   3.1097745e-01
   3.4505514e-01
   3.7960639e-01
   4.1446643e-01
   4.4946545e-01
   4.8442975e-01
   5.1918285e-01
   5.5354671e-01
   5.8734290e-01
   6.2039384e-01
   6.5252396e-01
   6.8356091e-01
   7.1333673e-01
   7.4168898e-01
   7.6846183e-01
   7.9350714e-01
   8.1668539e-01
   8.3786670e-01
   8.5693163e-01
   8.7377200e-01
   8.8829159e-01
   9.0040678e-01
   9.1004708e-01
   9.1715557e-01
   9.2168930e-01
   9.2361948e-01
   9.2293169e-01
   9.1962594e-01
   9.1371662e-01
   9.0523240e-01
   8.9421598e-01
   8.8072379e-01
   8.6482559e-01
   8.4660400e-01
   8.2615387e-01
   8.0358173e-01
   7.7900499e-01
   7.5255121e-01
   7.2435725e-01
   6.9456835e-01
   6.6333724e-01
   6.3082311e-01
   5.9719064e-01
   5.6260894e-01
   5.2725049e-01
   4.9129010e-01
   4.5490381e-01
   4.1826785e-01
   3.8155756e-01
   3.4494639e-01
   3.0860482e-01
   2.7269946e-01
   2.3739204e-01
   2.0283851e-01
   1.6918822e-01
   1.3658309e-01
   1.0515684e-01
   7.5034365e-02
   4.6331033e-02
   1.9152186e-02
   0.0000000e+00
   0.0000000e+00
   0.0000000e+00
   0.0000000e+00
   0.0000000e+00
   0.0000000e+00
   0.0000000e+00
   0.0000000e+00
   0.0000000e+00
   0.0000000e+00
   0.0000000e+00
   0.0000000e+00
   0.0000000e+00
   0.0000000e+00
   0.0000000e+00
   0.0000000e+00
   0.0000000e+00
   0.0000000e+00
   0.0000000e+00
   0.0000000e+00
   0.0000000e+00
   0.0000000e+00
   0.0000000e+00
   0.0000000e+00
   0.0000000e+00
   0.0000000e+00
   0.0000000e+00
   0.0000000e+00
   0.0000000e+00
   0.0000000e+00
   0.0000000e+00
   1.2160267e-02
   2.5830437e-02
   3.9025224e-02
   5.1623713e-02
   6.3509110e-02
   7.4569245e-02
   8.4697032e-02
   9.3790896e-02
   1.0175515e-01
   1.0850032e-01
   1.1394348e-01
   1.1800845e-01
   1.2062602e-01
   1.2173415e-01
   1.2127803e-01
   1.1921021e-01
   1.1549059e-01
   1.1008648e-01
   1.0297249e-01
   9.4130517e-02
   8.3549582e-02
   7.1225724e-02
   5.7161809e-02
   4.1367329e-02
   2.3858180e-02
   4.6564025e-03
   0.0000000e+00
   0.0000000e+00
   0.0000000e+00
   0.0000000e+00
   0.0000000e+00
   0.0000000e+00
   0.0000000e+00
   0.0000000e+00
