9.655027885692764667e-06
9.572449132756435109e-06
9.488361343850131954e-06
9.402750638127282666e-06
9.315612295474835270e-06
9.226947721253724814e-06
9.136749800827180542e-06
9.045009084895312270e-06
8.951737573163204631e-06
8.856933099159333420e-06
8.760600481105627524e-06
8.662734057343448422e-06
8.563349464778439050e-06
8.462448073480020210e-06
8.360045573578886498e-06
8.256157189671074837e-06
8.150788343107910855e-06
8.043956133771780411e-06
7.935691782724350538e-06
7.826000101349697084e-06
7.714908059475890362e-06
7.602453365934062806e-06
7.488646254873628130e-06
7.373539261297923314e-06
7.257146624475533700e-06
7.139512234255733767e-06
7.020681592710181754e-06
6.900685407742213423e-06
6.779577738134054601e-06
6.657402086839337799e-06
6.534205934272103171e-06
6.410057732489724200e-06
6.284997896398298564e-06
6.159092142879190247e-06
6.032407586084364728e-06
5.905008689895123954e-06
5.776958276075860875e-06
5.648342331335023677e-06
5.519225642837229471e-06
5.389684834535240203e-06
5.259809098322284804e-06
5.129671949637493921e-06
4.999369886539063807e-06
4.868982988752353305e-06
4.738611814968830053e-06
4.608347210582398189e-06
4.478268448972092988e-06
4.348505742355443644e-06
4.219129441239958021e-06
4.090259985280979085e-06
3.961994635675868396e-06
3.834427422846341587e-06
3.707681968261522173e-06
3.581846738729502131e-06
3.457037146819628429e-06
3.333361113435617609e-06
3.210914305579959379e-06
3.089820119127392774e-06
2.970167590215590127e-06
2.852067526883980015e-06
2.735618003695147118e-06
2.620928167840589540e-06
2.508083058678294586e-06
2.397193893488944132e-06
2.288346412068535111e-06
2.181630052899466574e-06
2.077130683087322752e-06
1.974936627251902008e-06
1.875121330544429929e-06
1.777757253813319970e-06
1.682918044779654053e-06
1.590664937686310186e-06
1.501060063744097255e-06
1.414147611536825298e-06
1.329982011623334978e-06
1.248608647867175732e-06
1.170053968502147726e-06
1.094382966155609160e-06
1.021667480417755041e-06
9.520986939266246952e-07
8.861496966476409015e-07
8.250880541081066234e-07
7.720898689475985996e-07
7.349452601839244276e-07
7.320667114551014824e-07
8.051601054445910257e-07
1.044975047426236677e-06
1.641066190453518182e-06
2.973028837126284199e-06
5.769410074048214063e-06
1.136947288298915390e-05
2.212981861643295925e-05
4.201730885139727799e-05
7.741560651409094774e-05
1.381386126970431908e-04
2.385869073607796063e-04
3.989092209089436700e-04
6.459473821731493695e-04
1.013684282708415645e-03
1.542897175093012893e-03
2.279764853789497097e-03
3.273334041951186588e-03
4.571911920288735526e-03
6.218730317890809600e-03
8.247391008701083007e-03
1.067774616149521141e-02
1.351286552088200484e-02
1.673760066472348637e-02
2.031904408803795678e-02
2.420885658448255692e-02
2.834719998683256359e-02
3.266765705099088785e-02
3.710276505338167691e-02
4.158911241947781112e-02
4.607214176725187710e-02
5.050948639773450433e-02
5.487349569545948297e-02
5.915229917281089600e-02
6.335008986206795700e-02
6.748639951480106536e-02
7.159509050709295108e-02
7.572303447511635754e-02
7.992887876592678909e-02
8.428195768866220128e-02
8.886160031059266162e-02
9.375712310621443779e-02
9.906794848719140123e-02
1.049045411566869590e-01
1.113899053830812169e-01
1.186613448214889344e-01
1.268730515328023167e-01
1.361986758109747786e-01
1.468350863033016929e-01
1.590051205148893254e-01
1.729619281793845775e-01
1.889922322644106423e-01
2.074198500490886943e-01
2.286077612573310658e-01
2.529597496642847498e-01
2.809193921071854172e-01
3.129656523381266209e-01
3.496052549283361621e-01
3.913579850230945456e-01
4.387357056361826380e-01
4.922107732943387104e-01
5.521757275475785987e-01
6.188895299336683031e-01
6.924114182001117612e-01
7.725265741123458207e-01
8.586595025714186535e-01
9.497907185477963976e-01
1.044378411292050002e+00
1.140298918021938945e+00
1.234824303141249136e+00
1.324652849967303370e+00
1.406000999154683351e+00
1.474778086727229987e+00
1.526838717954310587e+00
1.558307446173997191e+00
1.565946093378686621e+00
1.547533071136256710e+00
1.502195364089380147e+00
1.430640921661282539e+00
1.335243963732895445e+00
1.219945167740426495e+00
1.089964868079348781e+00
9.513512404277616463e-01
8.104242073052322359e-01
6.731931664618969746e-01
5.448326902219903234e-01
4.292915038791651483e-01
3.290849121944349753e-01
2.452809270748899373e-01
1.776588351200464044e-01
1.249911961463785193e-01
8.538466854434179076e-02
5.661903035132007100e-02
3.643667226857943281e-02
2.275395646694670926e-02
1.378803953478388231e-02
8.107697227575181437e-03
4.627009528624179656e-03
2.563335967508201512e-03
1.378929699820617347e-03
7.205664640612491302e-04
3.659311255291575475e-04
1.806976002616586920e-04
8.681752034871365389e-05
4.061556877277195299e-05
1.851950007568350630e-05
8.241955613896657915e-06
3.588935528042087140e-06
1.536932563526680764e-06
6.549782236195111811e-07
2.855887019234603640e-07
1.351171793141729034e-07
7.591668893419689644e-08
5.391236773202386698e-08
4.674970232705128208e-08
4.540012899278791910e-08
4.629839093371153006e-08
4.805941671430094618e-08
5.016088840539510932e-08
5.239908040836956304e-08
5.470908006275505253e-08
5.705807661671893655e-08
5.943760796223490374e-08
6.184281879050765424e-08
6.426941792514097402e-08
6.671790991794734271e-08
6.918526033586568684e-08
7.166896629101849830e-08
7.417077736409115134e-08
7.668655023493501624e-08
7.921415729947925603e-08
8.175409461197003048e-08
8.430429564872228140e-08
8.686210676421819312e-08
8.942491861290872809e-08
9.199270072322617032e-08
9.456235066104073376e-08
9.713142392740391714e-08
9.969686780750826236e-08
1.022576180766718132e-07
1.048097723617986921e-07
1.073488224479550485e-07
1.098753305202126585e-07
1.123828790325976054e-07
1.148700506046557052e-07
1.173326402936309859e-07
1.197658419711930690e-07
1.221679732843736506e-07
1.245348193494679550e-07
1.268612432744106648e-07
1.291461126573221772e-07
1.313834928131259708e-07
1.335703387912537691e-07
1.357041305816782810e-07
1.377797263713287014e-07
1.397966510252756706e-07
1.417498165832460587e-07
1.436372553563015005e-07
1.454571643902620291e-07
1.472074211174298630e-07
1.488853610319706882e-07
1.504912368770623860e-07
1.520228474698153591e-07
1.534798492742391756e-07
1.548625113260790987e-07
1.561710975251035276e-07
1.574063281906034554e-07
1.585680085345839833e-07
1.596588973897994114e-07
1.606808934414142172e-07
1.616346016690145602e-07
1.625244032372446503e-07
