   0.0000000e+00
   0.0000000e+00
   0.0000000e+00
   0.0000000e+00
   0.0000000e+00
   0.0000000e+00
   0.0000000e+00
   0.0000000e+00
   0.0000000e+00
   0.0000000e+00
   0.0000000e+00
   0.0000000e+00
   0.0000000e+00
   0.0000000e+00
   0.0000000e+00
   0.0000000e+00
   0.0000000e+00
   0.0000000e+00
   0.0000000e+00
   0.0000000e+00
   0.0000000e+00
   0.0000000e+00
   0.0000000e+00
   0.0000000e+00
   0.0000000e+00
   0.0000000e+00
   0.0000000e+00
   0.0000000e+00
   0.0000000e+00
   0.0000000e+00
   0.0000000e+00
   0.0000000e+00
   0.0000000e+00
   0.0000000e+00
   0.0000000e+00
   0.0000000e+00
   0.0000000e+00
   0.0000000e+00
   0.0000000e+00
   0.0000000e+00
   0.0000000e+00
   0.0000000e+00
   0.0000000e+00
   0.0000000e+00
   0.0000000e+00
   0.0000000e+00
   0.0000000e+00
   0.0000000e+00
   0.0000000e+00
   0.0000000e+00
   0.0000000e+00
   0.0000000e+00
   0.0000000e+00
   0.0000000e+00
   0.0000000e+00
   0.0000000e+00
   0.0000000e+00
   0.0000000e+00
   0.0000000e+00
   0.0000000e+00
   0.0000000e+00
   0.0000000e+00
   0.0000000e+00
   0.0000000e+00
   0.0000000e+00
   0.0000000e+00
   0.0000000e+00
   0.0000000e+00
   0.0000000e+00
   0.0000000e+00
   0.0000000e+00
   0.0000000e+00
   0.0000000e+00
   0.0000000e+00
   0.0000000e+00
   0.0000000e+00
   0.0000000e+00
   0.0000000e+00
   3.1339779e-09
   2.1616516e-08
   5.4136841e-08
   9.4653516e-08
   1.3806931e-07
   3.6002726e-06
   6.2452252e-05
   1.4685142e-04
   1.9801337e-04
   2.2911937e-04
   2.5414751e-04
   2.7281512e-04
   2.7859721e-04
   2.7318732e-04
   2.5922604e-04
   2.3851551e-04
   2.1323197e-04
   1.8540604e-04
   1.5804553e-04
   1.3114510e-04
   1.0577323e-04
   8.4919494e-05
   6.8714846e-05
   5.4438590e-05
   6.0124136e-05
   7.5874648e-05
   7.9004865e-05
   8.9129190e-05
   9.7689593e-05
   9.2582634e-05
   8.2945471e-05
   1.0446391e-04
   1.2910948e-04
   1.5366474e-04
   1.8420496e-04
   2.1587984e-04
   2.4786217e-04
   3.3369187e-02
   8.6496630e-02
   1.3142557e-01
   1.6267036e-01
   1.8267558e-01
   1.9394941e-01
   1.9511543e-01
   1.8820856e-01
   1.8201413e-01
   1.7062595e-01
   1.5286545e-01
   1.3082182e-01
   1.1263301e-01
   8.6791261e-02
   6.8616412e-02
   5.5747494e-02
   3.7953953e-02
   1.9657823e-02
   1.8378880e-02
   9.0914332e-03
   5.7191817e-03
   6.1642502e-02
   1.1970915e-01
   1.8008259e-01
   2.4284259e-01
   3.0798423e-01
   3.7541747e-01
   4.4496734e-01
   5.1637478e-01
   5.8929816e-01
   6.6331537e-01
   7.3792674e-01
   8.1255842e-01
   8.8656654e-01
   9.5924188e-01
   1.0298152e+00
   1.0974632e+00
   1.1613146e+00
   1.2204572e+00
   1.2739448e+00
   1.3208051e+00
   1.3600471e+00
   1.3906691e+00
   1.4116671e+00
   1.4220426e+00
   1.4208107e+00
   1.4070081e+00
   1.3797012e+00
   1.3379930e+00
   1.2810309e+00
   1.2080131e+00
   1.1181952e+00
   1.0108957e+00
   8.8550174e-01
   7.4147335e-01
   5.7834773e-01
   3.9574254e-01
   1.9335863e-01
   3.8358392e-04
   3.2662025e-04
   2.5482829e-04
   1.6805526e-04
   6.6446756e-05
   0.0000000e+00
   0.0000000e+00
   0.0000000e+00
   0.0000000e+00
   0.0000000e+00
   0.0000000e+00
   0.0000000e+00
   0.0000000e+00
   0.0000000e+00
   0.0000000e+00
   0.0000000e+00
   0.0000000e+00
   0.0000000e+00
   0.0000000e+00
   0.0000000e+00
   0.0000000e+00
   0.0000000e+00
   0.0000000e+00
   0.0000000e+00
   0.0000000e+00
   0.0000000e+00
   0.0000000e+00
   0.0000000e+00
   0.0000000e+00
   0.0000000e+00
   0.0000000e+00
   0.0000000e+00
   0.0000000e+00
   0.0000000e+00
   0.0000000e+00
   0.0000000e+00
   0.0000000e+00
   0.0000000e+00
   0.0000000e+00
   0.0000000e+00
   0.0000000e+00
   0.0000000e+00
   0.0000000e+00
   0.0000000e+00
   0.0000000e+00
   0.0000000e+00
   0.0000000e+00
   0.0000000e+00
   0.0000000e+00
   0.0000000e+00
   0.0000000e+00
   0.0000000e+00
   0.0000000e+00
   0.0000000e+00
   0.0000000e+00
   0.0000000e+00
   0.0000000e+00
   0.0000000e+00
   0.0000000e+00
   0.0000000e+00
   0.0000000e+00
   0.0000000e+00
   0.0000000e+00
   0.0000000e+00
   0.0000000e+00
   0.0000000e+00
   0.0000000e+00
   0.0000000e+00
   0.0000000e+00
   0.0000000e+00
   0.0000000e+00
   0.0000000e+00
   0.0000000e+00
   0.0000000e+00
   0.0000000e+00
   0.0000000e+00
   0.0000000e+00
   0.0000000e+00
   0.0000000e+00
   0.0000000e+00
   0.0000000e+00
   0.0000000e+00
   0.0000000e+00
