3.477665755339238984e+01
3.451321739323928028e+01
3.376154889217801269e+01
3.252710658727641402e+01
3.088576760893053219e+01
2.891196905656260085e+01
2.667566277707202360e+01
2.426472726490902332e+01
2.177792882776843086e+01
1.927768323013537000e+01
1.686360583558074566e+01
1.456069794460649902e+01
1.242457015185297386e+01
1.047323678983945783e+01
8.748536890189292592e+00
7.233496667648885214e+00
5.927686677977985319e+00
4.816756151949729947e+00
3.889520049302023885e+00
3.108788444518850280e+00
2.482171836335167470e+00
1.968494562610219489e+00
1.559495385673849821e+00
1.231701544616577326e+00
9.730697653463015184e-01
7.603252025230268218e-01
6.016286218988708967e-01
4.651285515863163300e-01
3.705006510958999688e-01
2.961487258782417031e-01
2.293698035863568352e-01
1.834784555367072190e-01
1.478662779767620505e-01
1.178813558904606568e-01
9.360673873644456688e-02
7.150298626017963233e-02
5.758265506497459163e-02
4.431281777489034374e-02
3.906454600469909388e-02
3.706298008754796425e-02
2.313502653643817117e-02
1.622020228289058549e-02
1.458778541128684901e-02
4.276009575297470139e-03
9.986575437527138790e-03
4.119319734003770717e-03
5.261686668698123577e-03
4.605601306238318524e-03
6.218142302296130255e-03
3.584179911049607554e-03
5.160334718117920091e-03
-3.267741354635192094e-03
-3.491989801863259416e-03
7.345332910360192818e-04
-1.056271973397488600e-03
1.618702702002854793e-04
1.749921979995106101e-03
2.806302748036899235e-04
2.281534578464117311e-03
5.618797153284109391e-03
-3.199156594959397162e-03
-9.877007678134330521e-05
1.183434241866623002e-03
-6.385070463690721738e-04
