7.328462937419838159e-07
7.900807805018552838e-07
8.529242254006785765e-07
9.219980637370549160e-07
9.980073507888837087e-07
1.081737154301701962e-06
1.174070339442176176e-06
1.276002776444774303e-06
1.388651488138987448e-06
1.513272025088256212e-06
1.651286604137587242e-06
1.804288529870572869e-06
1.974080233401159943e-06
2.162693625946350650e-06
2.372419561984232439e-06
2.605849144544850631e-06
2.865913927977850168e-06
3.155912119306378333e-06
3.479582317620350222e-06
3.841155267199334172e-06
4.245412699318063889e-06
4.697747201430871631e-06
5.204288970969025907e-06
5.771953542088413508e-06
6.408569815644449158e-06
7.122988170355544089e-06
7.925233649221406296e-06
8.826600423456891118e-06
9.839909161235198284e-06
1.097962333704459135e-05
1.226208167215342085e-05
1.370569180532193154e-05
1.533128752630707055e-05
1.716230050760279293e-05
1.922513301956989349e-05
2.154951955069773161e-05
2.416887045918271988e-05
2.712074288057715038e-05
3.044714285913521185e-05
3.419522510119193883e-05
3.841783241703694015e-05
4.317373308054919438e-05
4.852871478160764132e-05
5.455578347886593356e-05
6.133618870217305195e-05
6.895989001693131738e-05
7.752661911986446857e-05
8.714638502055159627e-05
9.794012748362881102e-05
1.100408560851188339e-04
1.235944118917839006e-04
1.387599342929556273e-04
1.557109768034824042e-04
1.746355827744553726e-04
1.957378594987492992e-04
2.192374119911247028e-04
2.453711142439058183e-04
2.743916306644801888e-04
3.065691086517231692e-04
3.421908924145856176e-04
3.815600114540293204e-04
4.249974727715138696e-04
4.728381347860215384e-04
5.254324601684504841e-04
5.831433907994024385e-04
6.463474812185062562e-04
7.154307093548468608e-04
7.907866360795290286e-04
8.728156606781709015e-04
9.619225873804943244e-04
1.058509797023740205e-03
1.162980247866841291e-03
1.275730748586047843e-03
1.397145982915008744e-03
1.527602714530331470e-03
1.667457936554458562e-03
1.817048982202718174e-03
1.976693432820296383e-03
2.146673374905655116e-03
2.327247534410455294e-03
2.518637256724876820e-03
2.721020980261125086e-03
2.934543435937863893e-03
3.159294204114375133e-03
3.395328909216071764e-03
3.642633675852968364e-03
3.901162234571376765e-03
4.170799826189461670e-03
4.451375761141980643e-03
4.742659085535155979e-03
5.044361290092468086e-03
5.356140006297293102e-03
5.677564194305273655e-03
6.008175218049795381e-03
6.347422583964204383e-03
6.694699235489206396e-03
7.049346451672526374e-03
7.410637617990138530e-03
7.777781681100333355e-03
8.149936709393849205e-03
8.526191767983706815e-03
8.905598628453940610e-03
9.287156909420389225e-03
9.669805132577615620e-03
1.005244278367147318e-02
1.043393619108791935e-02
1.081312090723145214e-02
1.118879003261547336e-02
1.155970149025569056e-02
1.192459458714673418e-02
1.228222621848016650e-02
1.263130020198759314e-02
1.297051157591577394e-02
1.329860347439384971e-02
1.361424425337624637e-02
1.391616687555950922e-02
1.420312948148767448e-02
1.447383673299980182e-02
1.472711651980794512e-02
1.496174473710172766e-02
1.517655981910157569e-02
1.537047960928969274e-02
1.554245022125130826e-02
1.569148104541908881e-02
1.581663589489479618e-02
1.591711861999215230e-02
1.599215532185035635e-02
1.604116370674075684e-02
1.606358208863434972e-02
1.605903015422030511e-02
1.602727549502933405e-02
1.596819822764746280e-02
1.588186164108040810e-02
1.576850130902504935e-02
1.562848067278206979e-02
1.546238340330144574e-02
1.527095250866249317e-02
1.505509926924942371e-02
1.481590813384214660e-02
1.455459580379578691e-02
1.427258332028498097e-02
1.397135565381224173e-02
1.365257658574996896e-02
1.331796376396132860e-02
1.296929254181324390e-02
1.260845549291744229e-02
1.223730074857609131e-02
1.185772662623546352e-02
1.147159115142537544e-02
1.108070088356493017e-02
1.068683496353865781e-02
1.029165752692346239e-02
9.896762151187567594e-03
9.503614631571061580e-03
9.113572124917878464e-03
8.727876603373997330e-03
8.347606668677131497e-03
7.973778802765467758e-03
7.607198642024642563e-03
7.248602356950944320e-03
6.898609748190265810e-03
6.557693606803246394e-03
6.226239196328293632e-03
5.904548211522038514e-03
5.592832284929099250e-03
5.291217777914219988e-03
4.999777424548531267e-03
4.718528757666914930e-03
4.447436347026759683e-03
4.186438905733290243e-03
3.935433571865332332e-03
3.694300185062906160e-03
3.462902002157958181e-03
3.241084858421209962e-03
3.028695239444574062e-03
2.825565382533566389e-03
2.631530669202049658e-03
2.446426921787677681e-03
2.270087154173526869e-03
2.102337978311106300e-03
1.943018308132993428e-03
1.791957637842515405e-03
1.648984429756333641e-03
1.513928416559496637e-03
1.386611392570559660e-03
1.266850972565974291e-03
1.154458940042785067e-03
1.049238017050913279e-03
9.509838149810741345e-04
8.594821948170468890e-04
7.745088291755183180e-04
6.958298867269705184e-04
6.232038337729131411e-04
5.563764639660525625e-04
4.950901305522119496e-04
4.390757294668094736e-04
3.880609025731053606e-04
3.417677685500698130e-04
2.999159639951891657e-04
2.622234607127382094e-04
2.284107248869425349e-04
1.981993458821550613e-04
1.713166543414987883e-04
1.474952627429339735e-04
1.264762514306601868e-04
1.080102889691236719e-04
9.185828481692069961e-05
7.779320563996408762e-05
6.560083238050829239e-05
5.508012252152782984e-05
4.604400765685902840e-05
3.831942536938225184e-05
3.174737441397140422e-05
2.618265965092559611e-05
2.149377983090342061e-05
1.756228000796958885e-05
1.428215965860788274e-05
1.155916336265821161e-05
9.310129406879142448e-06
7.462039814330474657e-06
5.951243497674908658e-06
4.722631847058692091e-06
3.728751238711879654e-06
2.929027871502535565e-06
2.288986962019924282e-06
1.779519840192043377e-06
1.376202688208245867e-06
1.058678012888794202e-06
8.100860428850190518e-07
6.165511380576469952e-07
4.667296830031358344e-07
3.514057177313368983e-07
2.631426486188708416e-07
1.959776784222073375e-07
1.451614743705918277e-07
1.069362029158167511e-07
7.834804375597317814e-08
5.709102694945766000e-08
4.137626325389928451e-08
2.982561647999847868e-08
2.138434102142482584e-08
1.525060456828827270e-08
1.081889614707564848e-08
7.634952079155433858e-09
5.360313428546076888e-09
3.744063948934240658e-09
2.602018663035636942e-09
1.799365045607387261e-09
1.238240583371644999e-09
8.480257235836448989e-10
5.780222647626139437e-10
3.922905635898245401e-10
2.649652515313332584e-10
1.781964822569152034e-10
1.192602639967685746e-10
7.948234622011036044e-11
