1.560185791977711418e-06
1.659743810133618033e-06
1.767737415802768400e-06
1.884992151343815928e-06
2.012428856588117059e-06
2.151064971664866362e-06
2.302031827631144668e-06
2.466586595977591214e-06
2.646127075774220323e-06
2.842206854609176098e-06
3.056559509392013691e-06
3.291111970281784714e-06
3.548015030703012624e-06
3.829666429280017264e-06
4.138741732345709772e-06
4.478228537666341582e-06
4.851466970385721319e-06
5.262184525153942174e-06
5.714552046903121985e-06
6.213236502959829498e-06
6.763457777618005573e-06
7.371053819818331991e-06
8.042570505749155674e-06
8.785331203900441111e-06
9.607540164000703383e-06
1.051838728975765055e-05
1.152817108560801554e-05
1.264841801421454435e-05
1.389205687420946404e-05
1.527356406268912911e-05
1.680915413692666633e-05
1.851697536768124490e-05
2.041736230384464147e-05
2.253305856212835145e-05
2.488950865858088435e-05
2.751516739765150958e-05
3.044182748201652394e-05
3.370500332061703914e-05
3.734429445133198306e-05
4.140388044911531064e-05
4.593299786372936997e-05
5.098637991210140788e-05
5.662493019414731321e-05
6.291621450474354929e-05
6.993518544895342172e-05
7.776480226424980710e-05
8.649682696541255021e-05
9.623251686601143979e-05
1.070833902777441410e-04
1.191721154246362289e-04
1.326333453628668064e-04
1.476144929472339353e-04
1.642766825600094460e-04
1.827954288427982414e-04
2.033616759551894930e-04
2.261823270269123966e-04
2.514812332605588312e-04
2.794994584400913918e-04
3.104961230345967284e-04
3.447487299653200963e-04
3.825531537087708579e-04
4.242242373854887170e-04
4.700949359405866453e-04
5.205164723521064863e-04
5.758572462769128569e-04
6.365024339166925607e-04
7.028521839913762920e-04
7.753200649446480991e-04
8.543313587242188983e-04
9.403207842125063708e-04
1.033728961857435747e-03
1.135000502647373318e-03
1.244579879437985323e-03
1.362907130694330582e-03
1.490415193726006950e-03
1.627523914618497118e-03
1.774636077619788426e-03
1.932133256743893447e-03
2.100368403841157156e-03
2.279663765288407647e-03
2.470303745567753451e-03
2.672529307392302027e-03
2.886535498857239340e-03
3.112462960779060345e-03
3.350398134252041433e-03
3.600362586769390635e-03
3.862316939186694314e-03
4.136150835697507619e-03
4.421682800438108719e-03
4.718657487885143109e-03
5.026744675838993801e-03
5.345539033776444161e-03
5.674552841045990038e-03
6.013228377917135756e-03
6.360925805903267644e-03
6.716931559362965438e-03
7.080461162733417586e-03
7.450658443669570460e-03
7.826598931391927708e-03
8.207296099432749570e-03
8.591701478949364743e-03
8.978714763254760228e-03
9.367185895991739231e-03
9.755917683319348388e-03
1.014367542466536147e-02
1.052919340095124362e-02
1.091118096555338847e-02
1.128832584818750297e-02
1.165930097847241685e-02
1.202277496058791126e-02
1.237742423426227076e-02
1.272192496260465301e-02
1.305496935392545972e-02
1.337528093237677108e-02
1.368159860759286459e-02
1.397270767384124063e-02
1.424744033617046830e-02
1.450466335208694564e-02
1.474332031544542745e-02
1.496240119441790556e-02
1.516097010254576112e-02
1.533817204216378696e-02
1.549322933601706385e-02
1.562544916225295025e-02
1.573422710928569154e-02
1.581906620873400546e-02
1.587955578389665945e-02
1.591540330903033068e-02
1.592640833338205414e-02
1.591248829866115377e-02
1.587367334273549757e-02
1.581010030864138036e-02
1.572202299944245457e-02
1.560980867618045817e-02
1.547392871059821533e-02
1.531497050541231683e-02
1.513362545480255450e-02
1.493068235422741891e-02
1.470703256292580675e-02
1.446364717296809606e-02
1.420159688911107332e-02
1.392201325991108442e-02
1.362610397840777893e-02
1.331513354073447959e-02
1.299040808227206779e-02
1.265328698590253466e-02
1.230514689977666581e-02
1.194738655333390728e-02
1.158141857638691173e-02
1.120864370475290438e-02
1.083046192666759465e-02
1.044824740818423546e-02
1.006334768006831963e-02
9.677072490013354650e-03
9.290686158024656985e-03
8.905406101356974288e-03
8.522387602100013268e-03
8.142734850723724535e-03
7.767471910278528520e-03
7.397566203442760419e-03
7.033912427810540269e-03
6.677327589892955058e-03
6.328556773771757543e-03
5.988274933481431937e-03
5.657080150911439689e-03
5.335495499393100652e-03
5.023975257421260492e-03
4.722901151870042419e-03
4.432588550255457845e-03
4.153285478894580725e-03
3.885175868372604552e-03
3.628383327102390962e-03
3.382973728664863313e-03
3.148956674385167132e-03
2.926291961071459096e-03
2.714889270862952571e-03
2.514614279666191332e-03
2.325291914035315915e-03
2.146708939623848556e-03
1.978616469081661416e-03
1.820737602105403519e-03
1.672767017687937620e-03
1.534376572438399906e-03
1.405219145564671297e-03
1.284930864452396918e-03
1.173135478057112406e-03
1.069447764893629834e-03
9.734755655795356922e-04
8.848244252392771514e-04
8.030990748917136426e-04
7.279065467406548723e-04
6.588585627785748400e-04
5.955739724994299012e-04
5.376796185137835927e-04
4.848138526756868476e-04
4.366259504503689631e-04
3.927788359043857887e-04
3.529492764926030353e-04
3.168288844890696150e-04
2.841245304605174364e-04
2.545591347692058998e-04
2.278711315461548427e-04
2.038151286419760721e-04
1.821612312711525850e-04
1.626951349261107572e-04
1.452177075627832689e-04
1.295442846190554206e-04
1.155043528500595792e-04
1.029408792237062378e-04
9.170958900366662624e-05
8.167837527081510060e-05
7.272654309651619916e-05
6.474410285967927231e-05
5.763102790900935681e-05
5.129662795209738256e-05
4.565881896877881546e-05
4.064344632414722730e-05
3.618363459970024481e-05
3.221925066725244194e-05
2.869624866610377841e-05
2.556615049937744488e-05
2.278557104982071089e-05
2.031568926980384198e-05
1.812184357756696306e-05
1.617311899599058447e-05
1.444196890705332998e-05
1.290386964649709275e-05
1.153701388705594050e-05
1.032202776612173362e-05
9.241707354061724308e-06
8.280787765863195993e-06
7.425731676556239794e-06
6.664539811287774351e-06
5.986580986855356581e-06
5.382437173804631725e-06
4.843770366678547479e-06
4.363197103943790554e-06
3.934183090269087783e-06
3.550942571250062457e-06
3.208355523723659399e-06
2.901887854887929284e-06
2.627526704462553395e-06
2.381718886264312929e-06
2.161315820519860712e-06
1.963530839497348186e-06
1.785892622089019187e-06
1.626210724897080452e-06
1.482543355400917244e-06
1.353167641741747234e-06
1.236554671861955492e-06
1.131346825166423551e-06
1.036338234542289260e-06
9.504567390789403257e-07
8.727497966871429096e-07
8.023692542894709666e-07
7.385601295178827289e-07
