   0.0000000e+00
   0.0000000e+00
   0.0000000e+00
   0.0000000e+00
   0.0000000e+00
   0.0000000e+00
   0.0000000e+00
   0.0000000e+00
   0.0000000e+00
   0.0000000e+00
   0.0000000e+00
   0.0000000e+00
   0.0000000e+00
   0.0000000e+00
   0.0000000e+00
   0.0000000e+00
   0.0000000e+00
   4.4526282e-12
   8.7528160e-11
   1.7638898e-10
   2.7291191e-10
   3.6549595e-10
   4.7045944e-10
   4.4781202e-07
   3.3696286e-06
   6.0684500e-06
   8.5382153e-06
   1.0773434e-05
   1.2769251e-05
   1.4521508e-05
   1.6083339e-05
   1.7640318e-05
   1.8832662e-05
   1.9775660e-05
   2.0469162e-05
   2.0914263e-05
   2.1113449e-05
   2.1069255e-05
   2.0789945e-05
   2.0281713e-05
   1.9547136e-05
   1.8594744e-05
   1.7433569e-05
   1.6073976e-05
   1.4529767e-05
   1.2814231e-05
   1.0942935e-05
   8.9329492e-06
   6.8156815e-06
   4.5908135e-06
   2.2915074e-06
   1.2146788e-06
   9.5878900e-07
   7.9840312e-07
   7.4705628e-07
   6.4717621e-07
   5.8557266e-07
   2.0533491e-04
   4.1378446e-04
   6.0095611e-04
   7.6697479e-04
   9.1203946e-04
   1.0364244e-03
   1.1404800e-03
   1.2246333e-03
   1.2893878e-03
   1.3353229e-03
   1.3630927e-03
   1.3734245e-03
   1.3671164e-03
   1.3450345e-03
   1.3081096e-03
   1.2573328e-03
   1.1937516e-03
   1.1184641e-03
   9.0838568e-04
   7.1001757e-04
   8.5661741e-04
   1.2212715e-03
   1.5784415e-03
   1.9290575e-03
   2.2740465e-03
   2.6143246e-03
   2.9507887e-03
   3.2843089e-03
   3.6157205e-03
   3.9458163e-03
   4.2753390e-03
   4.6049741e-03
   4.9353434e-03
   5.2669980e-03
   5.6004134e-03
   5.9359836e-03
   6.2740175e-03
   6.6147343e-03
   6.9582612e-03
   7.3046312e-03
   7.6537813e-03
   8.0055525e-03
   8.3596901e-03
   8.7158445e-03
   9.0735733e-03
   9.4323442e-03
   9.7915377e-03
   1.0150452e-02
   1.0508306e-02
   1.0864247e-02
   1.1217354e-02
   1.1566643e-02
   1.1911078e-02
   1.2249570e-02
   1.2580992e-02
   1.2904181e-02
   1.3217945e-02
   1.3521073e-02
   1.3812342e-02
   1.4090522e-02
   1.4354388e-02
   1.4602724e-02
   1.4834334e-02
   1.5048049e-02
   1.5242733e-02
   1.5417297e-02
   1.5570704e-02
   1.5701979e-02
   1.5810218e-02
   1.5894598e-02
   1.5954385e-02
   1.5988946e-02
   1.5997754e-02
   1.5980402e-02
   1.5936608e-02
   1.5866223e-02
   1.5769241e-02
   1.5645803e-02
   1.5496206e-02
   1.5320899e-02
   1.5120494e-02
   1.4895763e-02
   1.4647637e-02
   1.4377201e-02
   1.4085695e-02
   1.3774498e-02
   1.3445125e-02
   1.3099212e-02
   1.2738504e-02
   1.2364837e-02
   1.1980121e-02
   1.1586321e-02
   1.1185435e-02
   1.0779472e-02
   1.0370431e-02
   9.9602760e-03
   9.5509124e-03
   9.1441659e-03
   8.7417594e-03
   8.3452920e-03
   7.9562195e-03
   7.5758370e-03
   7.2052632e-03
   6.8454273e-03
   6.4970587e-03
   6.1606790e-03
   5.8365974e-03
   5.5249087e-03
   5.2254942e-03
   4.9380258e-03
   4.6619723e-03
   4.3966088e-03
   4.1410279e-03
   3.8941535e-03
   3.6547561e-03
   3.4214700e-03
   3.1928111e-03
   2.9671965e-03
   2.7429639e-03
   2.5183918e-03
   2.2917198e-03
   2.0611683e-03
   1.8249580e-03
   1.5813291e-03
   1.3285587e-03
   1.0649784e-03
   1.1427612e-03
   1.3298334e-03
   1.3906898e-03
   1.4035115e-03
   1.4207892e-03
   1.4184291e-03
   1.3920956e-03
   1.3408075e-03
   1.2637450e-03
   1.1602532e-03
   1.0298446e-03
   8.7220080e-04
   6.8717165e-04
   4.7477423e-04
   2.3518977e-04
   0.0000000e+00
   0.0000000e+00
   0.0000000e+00
   0.0000000e+00
   0.0000000e+00
   0.0000000e+00
   0.0000000e+00
   0.0000000e+00
   0.0000000e+00
   0.0000000e+00
   0.0000000e+00
   0.0000000e+00
   0.0000000e+00
   0.0000000e+00
   0.0000000e+00
   0.0000000e+00
   0.0000000e+00
   0.0000000e+00
   0.0000000e+00
   0.0000000e+00
   0.0000000e+00
   0.0000000e+00
   0.0000000e+00
   0.0000000e+00
   0.0000000e+00
   0.0000000e+00
   0.0000000e+00
   6.3483575e-13
   6.7939262e-12
   2.1672237e-11
   4.4609850e-11
   7.2034363e-10
   1.7438364e-09
   3.6373688e-06
   1.8307605e-05
   3.0594212e-05
   4.0234150e-05
   4.6964013e-05
   4.8582397e-05
   4.5461026e-05
   4.2717258e-05
   3.6936222e-05
   2.7582420e-05
   1.4675585e-05
   1.5552880e-06
   8.7959787e-06
   7.0961096e-06
   4.9387898e-06
   2.3987002e-06
   6.6301262e-09
   4.7852798e-07
   3.3013743e-07
   3.4755632e-07
   2.5322373e-07
   1.3361448e-07
   2.0641092e-08
   9.6372665e-08
   6.4024100e-08
