1.000046836860921884e+00
9.996186799616707530e-01
9.990549731640040454e-01
9.974268703439717054e-01
9.952380462771427405e-01
9.924859951893229004e-01
9.887323213342951167e-01
9.839179841704713825e-01
9.783272164416929595e-01
9.713757936200458909e-01
9.638417117036496284e-01
9.547279808761152120e-01
9.443276063651990793e-01
9.322653769777644595e-01
9.192374863471037827e-01
9.045870472004887697e-01
8.884101931907771865e-01
8.706145210386797562e-01
8.513471001657723081e-01
8.300992543242616817e-01
8.076961281921597458e-01
7.835699210440194573e-01
7.580844006391223022e-01
7.311355116596788273e-01
7.029096283671909529e-01
6.732297133463266414e-01
6.427838320696352969e-01
6.110742707786216421e-01
5.790543900333731120e-01
5.464644914787015750e-01
5.132780892789154947e-01
4.801970208948615482e-01
4.472168868312719758e-01
4.144867327505922239e-01
3.822734607285339092e-01
3.507203364198311357e-01
3.202242211563920971e-01
2.907695536474748654e-01
2.627446578480520656e-01
2.361623248288977905e-01
2.107089007319430662e-01
1.870235982784977657e-01
1.651230845093979993e-01
1.446447242844599579e-01
1.263112991656995532e-01
1.093169430793400898e-01
9.416159437143126198e-02
8.053769036250911506e-02
6.849116913533563611e-02
5.775006924966224336e-02
4.846257118002826603e-02
4.011768436530153970e-02
3.313252298200833335e-02
2.729119452191159853e-02
2.218566872264356171e-02
1.797155860429448110e-02
1.447380141963839663e-02
1.150077535766769014e-02
9.154185251046198166e-03
7.294337461475110425e-03
5.462893948685059245e-03
4.289730395015485011e-03
3.325220498776548534e-03
2.485161300413340525e-03
