4.494888480846350230e-161
3.720788391516584901e-158
2.893394267714041291e-155
2.113668410486857883e-152
1.450516561193270833e-149
9.351152110676436091e-147
5.663229299458706759e-144
3.221957190818422038e-141
1.721995373262673784e-138
8.645712498757857538e-136
4.077802556370702554e-133
1.806792141205152148e-130
7.520501234334314861e-128
2.940640780841025055e-125
1.080174099407002013e-122
3.727366847389811988e-120
1.208278677694854730e-117
3.679498921962316819e-115
1.052608428740607882e-112
2.828795819152136859e-110
7.141557783865335237e-108
1.693717217795429179e-105
3.773509479070121197e-103
7.897808207360752653e-101
1.552831440108618338e-98
2.868128751683961955e-96
4.976563678558672250e-94
8.111797169592531328e-92
1.242113251569516145e-89
1.786742230484327088e-87
2.414455493981286394e-85
3.065018508963548872e-83
3.655136443864972709e-81
4.094781010603450747e-79
4.309375742757066536e-77
4.260441828858724823e-75
3.956867541907062707e-73
3.452271793335892180e-71
2.829534820842527669e-69
2.178621078678543872e-67
1.575814002479204679e-65
1.070741918247903321e-63
6.834728241609740687e-62
4.098399534394657645e-60
2.308681021708530284e-58
1.221715741596763132e-56
6.073415658110185424e-55
2.836301789950384496e-53
1.244309662803667795e-51
5.128154609418758931e-50
1.985410667138990243e-48
7.220980930262914182e-47
2.467167611808593213e-45
7.918769949386715490e-44
2.387665131154534940e-42
6.763098841432264627e-41
1.799594626578131551e-39
4.498422969943550289e-38
1.056337142665510419e-36
2.330244514717643320e-35
4.828999315197120121e-34
9.400902111074327902e-33
1.719248661491548751e-31
2.953688477908060568e-30
4.767026641319645055e-29
7.227489195403815715e-28
1.029400594880183493e-26
1.377331917004165753e-25
1.731211874328207244e-24
2.044181622929374827e-23
2.267496798750919060e-22
2.362828575984090559e-21
2.313004981548378595e-20
2.127063110221834533e-19
1.837572357658729907e-18
1.491316528822116495e-17
1.136993182688018519e-16
8.143484162140772452e-16
5.479352293853616845e-15
3.463519191037347269e-14
2.056738208147483313e-13
1.147408722878645565e-12
6.013689305472518684e-12
2.961114700421590510e-11
1.369842877900147426e-10
5.953882257068059824e-10
2.431419846095560084e-09
9.329766559535631259e-09
3.364027065759892767e-08
1.139883356149378851e-07
3.630091733695153543e-07
1.086644449236240758e-06
3.058033734022669526e-06
8.092347028961425942e-06
2.014199071798282643e-05
4.717120348333076380e-05
1.039897985611451308e-04
2.159179493544024228e-04
4.225537574604863061e-04
7.801242857487823701e-04
1.360284542436622762e-03
2.243368323629275646e-03
3.505486260031108123e-03
5.201447155121476963e-03
7.348300804705899456e-03
9.915761710967165715e-03
1.282851208396626995e-02
1.598135735472601057e-02
1.926309888376195531e-02
2.258139773290997535e-02
2.588074823747548922e-02
2.914894635450259591e-02
3.241224088256135921e-02
3.572322998114715181e-02
3.914695853205212017e-02
4.274960809083674235e-02
4.659183606003692441e-02
5.072660657447811139e-02
5.520009691532827556e-02
6.005403999068530119e-02
6.532827903538519776e-02
7.106289910552375522e-02
7.729976945933482446e-02
8.408358875031848867e-02
9.146260158689441255e-02
9.948913233050933613e-02
1.082200368482543612e-01
1.177171374052379954e-01
1.280476756701448005e-01
1.392847945510240215e-01
1.515080540105567530e-01
1.648039929611150589e-01
1.792667460748990915e-01
1.949987124009961992e-01
2.121112756207852446e-01
2.307255901467050174e-01
2.509734445050464391e-01
2.729981973613025970e-01
2.969557858682527751e-01
3.230158262000029090e-01
3.513628222750936336e-01
3.821974761275008792e-01
4.157380992812089171e-01
4.522221520809975859e-01
4.919079299195411314e-01
5.350763742049889915e-01
5.820329620520910963e-01
6.331095679485506666e-01
6.886658983690557845e-01
7.490893206114745961e-01
8.147902037790533125e-01
8.861863799000766484e-01
9.636638519265011693e-01
1.047490963967778077e+00
1.137651895858014184e+00
1.233559263659558258e+00
1.333617923255318471e+00
1.434659880799320719e+00
1.531363602473730268e+00
1.615894187698545093e+00
1.678096709761287553e+00
1.706553217226258523e+00
1.690597458632600913e+00
1.622980063916386495e+00
1.502437857848800462e+00
1.335193491574946378e+00
1.134607798410592672e+00
9.188336806729687778e-01
7.071150195833064700e-01
5.159324793949526811e-01
3.562222740997815773e-01
2.323861404003407793e-01
1.430634915996272238e-01
8.303367229135698302e-02
4.539959890907316331e-02
2.336998066768675858e-02
1.132050544331990143e-02
5.158359783063816428e-03
2.210386745212535725e-03
8.905041791927758221e-04
3.372381788648360951e-04
1.200354957401554812e-04
4.015201063738968917e-05
1.262096258382723637e-05
3.727660233671777979e-06
1.034466142000343054e-06
2.697210181764077893e-07
6.607210728457174528e-08
1.520602557044737668e-08
3.287752779980966080e-09
6.678239579562475718e-10
1.274380734303630675e-10
2.284582424482637192e-11
3.847528427758681032e-12
6.087259717484585009e-13
9.047424297935762242e-14
1.263251348084163650e-14
1.656971897690527694e-15
2.041738876885436607e-16
2.363438216257365450e-17
2.570080799166729727e-18
2.625471776754024270e-19
2.519565552685252469e-20
2.271440943131989143e-21
1.923687493008477424e-22
1.530469660046758999e-23
1.143857543503324211e-24
8.031119295157642859e-26
5.297086462156404364e-27
3.282122896996664732e-28
1.910422237187762462e-29
1.044625456596119398e-30
5.365973622792633293e-32
2.589364142019620844e-33
1.173800734617794153e-34
4.998644640788267149e-36
1.999708897478407295e-37
7.515154546647062613e-39
2.653173610637487748e-40
8.799338665279826790e-42
2.741517386099264482e-43
8.023956777264302060e-45
2.206189225704642160e-46
5.698407971331663063e-48
1.382677570704518746e-49
3.151700172642910093e-51
6.748783103953931672e-53
1.357571284364574836e-54
2.565407807054442129e-56
4.554144194002158709e-58
7.594754471559164043e-60
1.189809124093033725e-61
1.751045564985887635e-63
2.420885197194926331e-65
3.144180991399635829e-67
3.836166741922134843e-69
4.396873885499117549e-71
4.734205844862694332e-73
4.788581248343728908e-75
4.550123440284714021e-77
4.061590101792856512e-79
3.405850653025542730e-81
2.682944589120635259e-83
1.985429183880040814e-85
1.380237091772446065e-87
9.013834545587568714e-90
5.529960953521516548e-92
3.187066625238579854e-94
1.725507355598640991e-96
8.776049868558628018e-99
4.193126307971449917e-101
1.882059728190427171e-103
7.935703883022184295e-106
3.143359844768837011e-108
1.169659204398246815e-110
4.088661713323791864e-113
