   0.0000000e+00
   0.0000000e+00
   0.0000000e+00
   0.0000000e+00
   0.0000000e+00
   0.0000000e+00
   0.0000000e+00
   0.0000000e+00
   0.0000000e+00
   0.0000000e+00
   0.0000000e+00
   0.0000000e+00
   0.0000000e+00
   0.0000000e+00
   0.0000000e+00
   0.0000000e+00
   0.0000000e+00
   9.9009607e-03
   2.5446455e-02
   4.0469466e-02
   5.4937126e-02
   6.8816547e-02
   8.2074936e-02
   9.4679734e-02
   1.0659875e-01
   1.1780034e-01
   1.2825350e-01
   1.3792812e-01
   1.4679511e-01
   1.5482662e-01
   1.6199619e-01
   1.6827903e-01
   1.7365216e-01
   1.7809469e-01
   1.8158799e-01
   1.8411599e-01
   1.8566535e-01
   1.8622574e-01
   1.8579007e-01
   1.8435473e-01
   1.8191982e-01
   1.7848937e-01
   1.7407159e-01
   1.6867910e-01
   1.6232906e-01
   1.5504344e-01
   1.4684915e-01
   1.3777820e-01
   1.2786782e-01
   1.1716056e-01
   1.0570436e-01
   9.3552592e-02
   8.0764031e-02
   6.7402831e-02
   5.3538427e-02
   3.9245394e-02
   2.4603256e-02
   9.6962461e-03
   0.0000000e+00
   0.0000000e+00
   0.0000000e+00
   0.0000000e+00
   0.0000000e+00
   0.0000000e+00
   0.0000000e+00
   0.0000000e+00
   0.0000000e+00
   0.0000000e+00
   0.0000000e+00
   0.0000000e+00
   0.0000000e+00
   0.0000000e+00
   0.0000000e+00
   0.0000000e+00
   0.0000000e+00
   0.0000000e+00
   0.0000000e+00
   0.0000000e+00
   0.0000000e+00
   0.0000000e+00
   0.0000000e+00
   0.0000000e+00
   0.0000000e+00
   0.0000000e+00
   0.0000000e+00
   0.0000000e+00
   0.0000000e+00
   0.0000000e+00
   0.0000000e+00
   0.0000000e+00
   0.0000000e+00
   0.0000000e+00
   0.0000000e+00
   0.0000000e+00
   1.5857758e-02
   3.5043901e-02
   5.4033832e-02
   7.2644423e-02
   9.0694106e-02
   1.0800524e-01
   1.2440650e-01
   1.3973538e-01
   1.5384053e-01
   1.6658422e-01
   1.7784457e-01
   1.8751774e-01
   1.9551991e-01
   2.0178912e-01
   2.0628676e-01
   2.0899894e-01
   2.0993741e-01
   2.0914030e-01
   2.0667237e-01
   2.0262502e-01
   1.9711584e-01
   1.9028782e-01
   1.8230821e-01
   1.7336690e-01
   1.6367457e-01
   1.5346042e-01
   1.4296962e-01
   1.3246044e-01
   1.2220118e-01
   1.1246685e-01
   1.0353567e-01
   9.5685535e-02
   8.9190283e-02
   8.4316044e-02
   8.1317565e-02
   8.0434623e-02
   8.1888574e-02
   8.5879061e-02
   9.2580959e-02
   1.0214156e-01
   1.1467810e-01
   1.3027553e-01
   1.4898478e-01
   1.7082129e-01
   1.9576401e-01
   2.2375481e-01
   2.5469832e-01
   2.8846219e-01
   3.2487780e-01
   3.6374137e-01
   4.0481550e-01
   4.4783109e-01
   4.9248965e-01
   5.3846591e-01
   5.8541081e-01
   6.3295472e-01
   6.8071095e-01
   7.2827941e-01
   7.7525050e-01
   8.2120909e-01
   8.6573860e-01
   9.0842511e-01
   9.4886146e-01
   9.8665133e-01
   1.0214132e+00
   1.0527843e+00
   1.0804241e+00
   1.1040179e+00
   1.1232800e+00
   1.1379570e+00
   1.1478299e+00
   1.1527169e+00
   1.1524752e+00
   1.1470025e+00
   1.1362388e+00
   1.1201665e+00
   1.0988116e+00
   1.0722431e+00
   1.0405732e+00
   1.0039565e+00
   9.6258839e-01
   9.1670432e-01
   8.6657745e-01
   8.1251665e-01
   7.5486399e-01
   6.9399200e-01
   6.3030059e-01
   5.6421376e-01
   4.9617617e-01
   4.2664944e-01
   3.5610840e-01
   2.8503712e-01
   2.1392504e-01
   1.4326289e-01
   7.3538713e-02
   5.2339059e-03
   0.0000000e+00
   0.0000000e+00
   0.0000000e+00
   0.0000000e+00
   0.0000000e+00
   0.0000000e+00
   0.0000000e+00
   0.0000000e+00
   0.0000000e+00
   0.0000000e+00
   0.0000000e+00
   0.0000000e+00
   0.0000000e+00
   0.0000000e+00
   0.0000000e+00
   0.0000000e+00
   0.0000000e+00
   0.0000000e+00
   0.0000000e+00
   0.0000000e+00
   0.0000000e+00
   0.0000000e+00
   0.0000000e+00
   0.0000000e+00
   0.0000000e+00
   0.0000000e+00
   0.0000000e+00
   0.0000000e+00
   0.0000000e+00
   0.0000000e+00
   0.0000000e+00
   1.9348086e-02
   7.4434658e-02
   1.2872035e-01
   1.8167754e-01
   2.3278041e-01
   2.8150799e-01
   3.2734712e-01
   3.6979536e-01
   4.0836368e-01
   4.4257913e-01
   4.7198725e-01
   4.9615436e-01
   5.1466970e-01
   5.2714733e-01
   5.3322787e-01
   5.3258005e-01
   5.2490200e-01
   5.0992245e-01
   4.8740154e-01
   4.5713166e-01
   4.1893786e-01
   3.7267818e-01
   3.1824383e-01
   2.5555901e-01
   1.8458073e-01
   1.0529838e-01
   1.7733070e-02
   0.0000000e+00
   0.0000000e+00
   0.0000000e+00
   0.0000000e+00
   0.0000000e+00
   0.0000000e+00
   0.0000000e+00
   0.0000000e+00
