   0.0000000e+00
   0.0000000e+00
   0.0000000e+00
   0.0000000e+00
   0.0000000e+00
   0.0000000e+00
   0.0000000e+00
   0.0000000e+00
   0.0000000e+00
   0.0000000e+00
   0.0000000e+00
   0.0000000e+00
   0.0000000e+00
   0.0000000e+00
   0.0000000e+00
   0.0000000e+00
   0.0000000e+00
   0.0000000e+00
   0.0000000e+00
   0.0000000e+00
   0.0000000e+00
   0.0000000e+00
   0.0000000e+00
   0.0000000e+00
   0.0000000e+00
   0.0000000e+00
   0.0000000e+00
   0.0000000e+00
   0.0000000e+00
   0.0000000e+00
   0.0000000e+00
   0.0000000e+00
   0.0000000e+00
   0.0000000e+00
   0.0000000e+00
   0.0000000e+00
   0.0000000e+00
   0.0000000e+00
   0.0000000e+00
   0.0000000e+00
   0.0000000e+00
   0.0000000e+00
   0.0000000e+00
   0.0000000e+00
   0.0000000e+00
   0.0000000e+00
   0.0000000e+00
   0.0000000e+00
   0.0000000e+00
   0.0000000e+00
   0.0000000e+00
   0.0000000e+00
   0.0000000e+00
   0.0000000e+00
   0.0000000e+00
   0.0000000e+00
   0.0000000e+00
   0.0000000e+00
   0.0000000e+00
   0.0000000e+00
   0.0000000e+00
   0.0000000e+00
   0.0000000e+00
   0.0000000e+00
   0.0000000e+00
   0.0000000e+00
   0.0000000e+00
   0.0000000e+00
   0.0000000e+00
   0.0000000e+00
   0.0000000e+00
   0.0000000e+00
   0.0000000e+00
   0.0000000e+00
   0.0000000e+00
   0.0000000e+00
   0.0000000e+00
   1.2296132e-06
   1.6137877e-06
   2.1128546e-06
   2.7596532e-06
   3.5959989e-06
   4.6750386e-06
   6.0642022e-06
   7.8488991e-06
   1.0137141e-05
   1.3065320e-05
   1.6805415e-05
   2.1573989e-05
   2.7643381e-05
   3.5355638e-05
   4.5139821e-05
   5.7533479e-05
   7.3209243e-05
   9.3007725e-05
   1.1797812e-04
   1.4942821e-04
   1.8898587e-04
   2.3867439e-04
   3.0100461e-04
   3.7908722e-04
   4.7676911e-04
   5.9879835e-04
   7.5102305e-04
   9.4062978e-04
   1.1764282e-03
   1.4691887e-03
   1.8320408e-03
   2.2809394e-03
   2.8352075e-03
   3.5181607e-03
   4.3578210e-03
   5.3877223e-03
   6.6478093e-03
   8.1854259e-03
   1.0056384e-02
   1.2326098e-02
   1.5070755e-02
   1.8378492e-02
   2.2350524e-02
   2.7102166e-02
   3.2763667e-02
   3.9480759e-02
   4.7414822e-02
   5.6742528e-02
   6.7654841e-02
   8.0355224e-02
   9.5056925e-02
   1.1197920e-01
   1.3134239e-01
   1.5336174e-01
   1.7824000e-01
   2.0615878e-01
   2.3726882e-01
   2.7167937e-01
   3.0944698e-01
   3.5056410e-01
   3.9494803e-01
   4.4243072e-01
   4.9275012e-01
   5.4554384e-01
   6.0034564e-01
   6.5658547e-01
   7.1359369e-01
   7.7060963e-01
   8.2679487e-01
   8.8125108e-01
   9.3304215e-01
   9.8121997e-01
   1.0248529e+00
   1.0630559e+00
   1.0950210e+00
   1.1200466e+00
   1.1375638e+00
   1.1471591e+00
   1.1485913e+00
   1.1418021e+00
   1.1269199e+00
   1.1042556e+00
   1.0742916e+00
   1.0376643e+00
   9.9514031e-01
   9.4758855e-01
   8.9594934e-01
   8.4120201e-01
   7.8433287e-01
   7.2630488e-01
   6.6803048e-01
   6.1034851e-01
   5.5400608e-01
   4.9964570e-01
   4.4779768e-01
   3.9887770e-01
   3.5318893e-01
   3.1092798e-01
   2.7219407e-01
   2.3700029e-01
   2.0528630e-01
   1.7693165e-01
   1.5176897e-01
   1.2959648e-01
   1.1018952e-01
   9.3310658e-02
   7.8718270e-02
   6.6173611e-02
   5.5446300e-02
   4.6318406e-02
   3.8587247e-02
   3.2067095e-02
   2.6589968e-02
   2.2005687e-02
   1.8181386e-02
   1.5000614e-02
   1.2362176e-02
   1.0178805e-02
   8.3757713e-03
   6.8894866e-03
   5.6661521e-03
   4.6604871e-03
   3.8345584e-03
   3.1567215e-03
   2.6006765e-03
   2.1446385e-03
   1.7706150e-03
   1.4637841e-03
   1.2119623e-03
   1.0051538e-03
   8.3517014e-04
   6.9531225e-04
   5.8010458e-04
   4.8507493e-04
   4.0657228e-04
   3.4161668e-04
   2.8777591e-04
   2.4306441e-04
   2.0586062e-04
   1.7483951e-04
   1.4891753e-04
   1.2720780e-04
   1.0898369e-04
   9.3649125e-05
   8.0714530e-05
   6.9777210e-05
   6.0505440e-05
   5.2625516e-05
   4.5911228e-05
   4.0175281e-05
   3.5262324e-05
   3.1043249e-05
   2.7410555e-05
   2.4274547e-05
   2.1560239e-05
   1.9204810e-05
   1.7155517e-05
   1.5367990e-05
   1.3804816e-05
   1.2434385e-05
   1.1229929e-05
   1.0168733e-05
   9.2314792e-06
   8.4017002e-06
   7.6653319e-06
   7.0103342e-06
   6.4263785e-06
   5.9045852e-06
   5.4373039e-06
   5.0179295e-06
   4.6407474e-06
   4.3008030e-06
   3.9937918e-06
   3.7159665e-06
   3.4640580e-06
   3.2352090e-06
   3.0269168e-06
   2.8369852e-06
   2.6634831e-06
