9.671003286973096528e-06
9.936001049249413219e-06
1.021447278459501836e-05
1.050722191787292225e-05
1.081514121565040877e-05
1.113917761891941437e-05
1.148035067378469505e-05
1.183973393561539514e-05
1.221850814827630247e-05
1.261792256068031868e-05
1.303931904987612493e-05
1.348416133841797576e-05
1.395398819885970149e-05
1.445048073372406606e-05
1.497542978815229046e-05
1.553079788085167168e-05
1.611865487152648669e-05
1.674125935303255440e-05
1.740103608617028810e-05
1.810060546693976113e-05
1.884279015084279639e-05
1.963064385470369018e-05
2.046746295273945340e-05
2.135679943778226943e-05
2.230251082437283998e-05
2.330875199267167240e-05
2.438003423884461577e-05
2.552121917758834582e-05
2.673758896020254951e-05
2.803486321600490459e-05
2.941923225448057834e-05
3.089740543776703759e-05
3.247666222864931010e-05
3.416489219106858319e-05
3.597067249104728777e-05
3.790329957104390801e-05
3.997286815141866292e-05
4.219034887521525083e-05
4.456765035484812934e-05
4.711773687542163900e-05
4.985466870219359438e-05
5.279376849596746564e-05
5.595169856184165275e-05
5.934657490309961741e-05
6.299812411985277827e-05
6.692782013952889935e-05
7.115908637184548125e-05
7.571736965252628775e-05
8.063047771339413021e-05
8.592866778567687482e-05
9.164497123370917179e-05
9.781541826131919968e-05
1.044792965771007825e-04
1.116795364596921789e-04
1.194629982805239755e-04
1.278809049154570226e-04
1.369892283524150605e-04
1.468492145725519766e-04
1.575278436397233722e-04
1.690984706987125232e-04
1.816414835799840173e-04
1.952449552316254237e-04
2.100056139243703854e-04
2.260295151917774369e-04
2.434333212515369673e-04
2.623452735354663955e-04
2.829065761249990852e-04
3.052727889220197130e-04
3.296155215202941887e-04
3.561242633608437472e-04
3.850085631765695583e-04
4.165002600407862539e-04
4.508564402880210157e-04
4.883622657060989391e-04
5.293347810945760743e-04
5.741266739461419475e-04
6.231309709261027060e-04
6.767864646966021292e-04
7.355833448314209530e-04
8.000705036538087109e-04
8.708630781404924897e-04
9.486517989840129650e-04
1.034213278596106660e-03
1.128422203898601364e-03
1.232264398502964627e-03
1.346853562950020870e-03
1.473449471384233236e-03
1.613477683796231540e-03
1.768555608186203002e-03
1.940519460600629393e-03
2.131455895144949032e-03
2.343740135208499317e-03
2.580078310662127939e-03
2.843555970135571050e-03
3.137695858243176421e-03
3.466521476591250157e-03
3.834634127046913313e-03
4.247296753361515763e-03
4.710533534293897574e-03
5.231243962124097410e-03
5.817328767291524670e-03
6.477841635223521161e-03
7.223152257388150768e-03
8.065138685841067440e-03
9.017401355308419381e-03
1.009550404244901646e-02
1.131724430677165730e-02
1.270295336413631605e-02
1.427582938686023685e-02
1.606230194528719332e-02
1.809243174488554817e-02
2.040032935115420470e-02
2.302462178479272939e-02
2.600890431452987026e-02
2.940225386265965871e-02
3.325968453167082312e-02
3.764263570050866564e-02
4.261938171377186585e-02
4.826540796468652833e-02
5.466365508985294303e-02
6.190464936978927468e-02
7.008643931002711547e-02
7.931429610835921684e-02
8.970011324489461646e-02
1.013614388793779436e-01
1.144201439200622922e-01
1.290005328042754806e-01
1.452269527718831055e-01
1.632208674726365882e-01
1.830972423507213620e-01
2.049603927505417034e-01
2.288991624300382444e-01
2.549817775296943090e-01
2.832499327064875727e-01
3.137130364422452411e-01
3.463420754693717352e-01
3.810639015747056546e-01
4.177557307278292886e-01
4.562407530768016750e-01
4.962847740245619477e-01
5.375940867352739794e-01
5.798157200537875644e-01
6.225392303894619062e-01
6.653010679533903904e-01
7.075911243787191829e-01
7.488620731236242944e-01
7.885404650988191433e-01
8.260399079583427007e-01
8.607764373502966304e-01
8.921836646964979023e-01
9.197296618194992224e-01
9.429328012791742264e-01
9.613766676944590639e-01
9.747232990956098408e-01
9.827248281531533181e-01
9.852307088851998129e-01
9.821932510700204233e-01
9.736687858356397607e-01
9.598155882384359350e-01
9.408881946740119684e-01
9.172289039261779520e-01
8.892564090499935903e-01
8.574521603328056907e-01
8.223457394308414381e-01
7.844989871579118867e-01
7.444903248716673305e-01
7.028993814955013519e-01
6.602928297430307181e-01
6.172118494449371218e-01
5.741614278397892956e-01
5.316015262788440499e-01
4.899409894185918768e-01
4.495332797859643015e-01
4.106743902884122388e-01
3.736028604550004073e-01
3.385013367282663221e-01
3.054994260060634459e-01
2.746779935671720962e-01
2.460738269952425505e-01
2.196851312427539338e-01
1.954771120301141696e-01
1.733875981538635092e-01
1.533325306030131341e-01
1.352110331655524411e-01
1.189101643493264832e-01
1.043090790010876429e-01
9.128273747010476336e-02
7.970492216590786827e-02
6.945083983480442036e-02
6.039918425924150486e-02
5.243366156728442723e-02
4.544417790862399775e-02
3.932761300386259512e-02
3.398828686886309902e-02
2.933817230366543224e-02
2.529690104065735606e-02
2.179159099789283044e-02
1.875656196899900055e-02
1.613295446475748046e-02
1.386829005121367926e-02
1.191600187910926353e-02
1.023494065492639576e-02
8.788888235285209627e-03
7.546077416732238988e-03
6.478737079284209444e-03
5.562660371415072830e-03
4.776802444886551341e-03
4.102912707935730229e-03
3.525198486503692153e-03
3.030020104904468815e-03
2.605618246021363955e-03
2.241871261730742863e-03
1.930078166149581291e-03
1.662768917982548715e-03
1.433536643997474934e-03
1.236891464552059092e-03
1.068132606926047029e-03
9.232376456304946339e-04
7.987661556953780471e-04
6.917767552775059680e-04
5.997552529215436192e-04
5.205530301060629214e-04
4.523339991327358228e-04
3.935291812455778376e-04
3.427975646382454386e-04
2.989929537686534513e-04
2.611352502412436468e-04
2.283863035582378912e-04
2.000289696449430771e-04
1.754494190713412887e-04
1.541220117235920400e-04
1.355964078633635061e-04
1.194865488835037667e-04
1.054612964117580115e-04
9.323644582369901616e-05
8.256791750074794084e-05
7.324594042505648008e-05
6.509011230473165115e-05
5.794516930901797233e-05
5.167739094223768216e-05
4.617150872591505414e-05
4.132809562824996932e-05
3.706130669278810539e-05
3.329697022885578773e-05
2.997093792352834620e-05
2.702769053949524502e-05
2.441912827208551367e-05
2.210354000143461848e-05
2.004472625682833054e-05
1.821123444757892705e-05
1.657571632439900407e-05
1.511436244884027513e-05
1.380642842481739298e-05
1.263381721047619898e-05
1.158072928495900717e-05
1.063335436849121916e-05
