3.493895980044649718e+01
3.410319699953914352e+01
3.425479075921358429e+01
3.241946908124131710e+01
3.063768859483862528e+01
2.921739501922324322e+01
2.697159558357598641e+01
2.404558961244423898e+01
2.178333265985554235e+01
1.850558807156279428e+01
1.725953171611272552e+01
1.490219785969122590e+01
1.275277360392160553e+01
9.777373976829739632e+00
8.633523180284237597e+00
7.234225962734741167e+00
6.067273210413516971e+00
4.916282609108359125e+00
4.344358720220966141e+00
2.576231124691843899e+00
2.412406243153333740e+00
1.742662238798307950e+00
1.626085081234299734e+00
1.422235441461035643e+00
1.426873332962007579e+00
5.987562146285305698e-01
8.342034369675224159e-01
-1.604242805342444012e-01
3.074613833192769707e-01
6.607228856483561286e-01
9.240428218961901918e-02
2.996490207287632046e-01
5.085189603097681754e-01
4.779693218033072566e-01
3.909610051218034288e-01
2.947019263641781350e-02
1.005179178338373169e-01
-6.681661489795115427e-02
3.288301547606229946e-01
8.602053634535306026e-01
4.936846282206473757e-02
-1.787916560206704308e-01
2.703046679777920680e-02
-7.100820890285381992e-01
9.529466001750937221e-02
-3.047472504249932879e-01
-4.183303712731206714e-02
1.090207021890767652e-02
2.662865381949691135e-01
7.769527110516108448e-02
2.946966860775268038e-01
-5.010206507046790492e-01
-4.861530880871037796e-01
-3.400884582113072180e-02
-1.898011690001374929e-01
-4.962667539189233312e-02
1.236294503627811958e-01
-1.194553409676628319e-02
1.970497771329063619e-01
5.377468954977706606e-01
-3.386021097397804991e-01
-2.431658941029900961e-02
1.072086972462314020e-01
-7.241893490449978488e-02
