3.456309763901995008e-06
3.647131209140296410e-06
3.852353129919270746e-06
4.073219198758274691e-06
4.311130855987929165e-06
4.567597118820842721e-06
4.844279072681713120e-06
5.143019717926759061e-06
5.465824437412625177e-06
5.814896699554996316e-06
6.192690087388762028e-06
6.601867613086496879e-06
7.045387785897541917e-06
7.526500573276724100e-06
8.048778979835075385e-06
8.616178214196923028e-06
9.233072373607164443e-06
9.904238792787717008e-06
1.063498581291739049e-05
1.143117966835435482e-05
1.229928535603384146e-05
1.324640148209366067e-05
1.428044861914584380e-05
1.541011968647673609e-05
1.664503457609452119e-05
1.799580803837973702e-05
1.947420220437825843e-05
2.109311376998630039e-05
2.286691648301331128e-05
2.481143374886555350e-05
2.694414118680450785e-05
2.928426061013196454e-05
3.185316024563394308e-05
3.467429699644109908e-05
3.777357628487568750e-05
4.117960654034207425e-05
4.492387999488751639e-05
4.904116505630555116e-05
5.356952416960724305e-05
5.855102980175377951e-05
6.403210188279249884e-05
7.006333169226532532e-05
7.670070204879662738e-05
8.400526496435521825e-05
9.204417965009064955e-05
1.008907929292550431e-04
1.106256529630338272e-04
1.213366351383719549e-04
1.331193875159371559e-04
1.460784117724725712e-04
1.603276578099472043e-04
1.759907312452464300e-04
1.932022096616292694e-04
2.121073795918485753e-04
2.328642739126769625e-04
2.556429651584626894e-04
2.806279349185357452e-04
3.080166561313812013e-04
3.380221294141633019e-04
3.708731996327098565e-04
4.068138071354428014e-04
4.461065012706935608e-04
4.890292795000510161e-04
5.358789457946609540e-04
5.869692929657581090e-04
6.426341892011327344e-04
7.032250118857158580e-04
7.691109795437939918e-04
8.406802678723444312e-04
9.183397896642683323e-04
1.002510657344012849e-03
1.093632868985010016e-03
1.192160917616116173e-03
1.298559755652045188e-03
1.413310001211667138e-03
1.536898097062235286e-03
1.669816948068766254e-03
1.812566038548835828e-03
1.965636794040742652e-03
2.129522527321520663e-03
2.304704178915305615e-03
2.491643045392123203e-03
2.690786198361970211e-03
2.902543074563692076e-03
3.127300479503463369e-03
3.365384775623260407e-03
3.617090149649636755e-03
3.882638977081418700e-03
4.162185631788877828e-03
4.455805734724008378e-03
4.763489966582870258e-03
5.085139829937470116e-03
5.420526469196658252e-03
5.769340441657662237e-03
6.131122846240445040e-03
6.505291665407944741e-03
6.891140296026948206e-03
7.287817116896356563e-03
7.694322768273363297e-03
8.109524042665875940e-03
8.532132109750165117e-03
8.960735750972875086e-03
9.393790132532704382e-03
9.829612147467099020e-03
1.026640873861443468e-02
1.070229415369515838e-02
1.113530097312751162e-02
1.156338334857961656e-02
1.198443496941533314e-02
1.239632771875008935e-02
1.279696145810786494e-02
1.318420783185264046e-02
1.355598027993078214e-02
1.391030021909850367e-02
1.424519790985680386e-02
1.455886380183156123e-02
1.484962760154338694e-02
1.511588401366549712e-02
1.535629133291454770e-02
1.556959542550154403e-02
1.575475227506685158e-02
1.591094192858731604e-02
1.603752886259181970e-02
1.613407093444813034e-02
1.620032362899969519e-02
1.623630490488590233e-02
1.624216291542369267e-02
1.621832551119561927e-02
1.616532364275781453e-02
1.608391881403970630e-02
1.597504854555211601e-02
1.583977617172259433e-02
1.567932981356929753e-02
1.549507134082968134e-02
1.528843157825086896e-02
1.506097654999950450e-02
1.481433924546955543e-02
1.455018558082559615e-02
1.427024679366204092e-02
1.397623207776387336e-02
1.366990714554424703e-02
1.335296504287210827e-02
1.302710267866812044e-02
1.269394873530106313e-02
1.235503339116754244e-02
1.201187615409156188e-02
1.166584110357244200e-02
1.131822413872374949e-02
1.097021391910775120e-02
1.062285661228793560e-02
1.027710904197833876e-02
9.933797321877038330e-03
9.593639243574215644e-03
9.257217919004490439e-03
8.925018678573462885e-03
8.597421466150258207e-03
8.274691904106732873e-03
7.957054172197360400e-03
7.644582191491777756e-03
7.337335300565665623e-03
7.035318280184152395e-03
6.738458358553694669e-03
6.446667720223503775e-03
6.159849117639547636e-03
5.877894231918589195e-03
5.600689397093441303e-03
5.328148440572853806e-03
5.060205720106106600e-03
4.796839249907523285e-03
4.538071337123864707e-03
4.283964317257914732e-03
4.034645768276571599e-03
3.790297374170657329e-03
3.551152801285866779e-03
3.317511379157586822e-03
3.089709958944602056e-03
2.868138983433085945e-03
2.653223253312804019e-03
2.445410612278652984e-03
2.245150649955044223e-03
2.052907413825131363e-03
1.869115285954108668e-03
1.694184108909246693e-03
1.528477592887438237e-03
1.372301750710355241e-03
1.225890680207969256e-03
1.089403453819293849e-03
9.629097029823517661e-04
8.463906035644384786e-04
7.397353285858485712e-04
6.427437454351695193e-04
5.551290133691435917e-04
4.765284791337670470e-04
4.065076763216194928e-04
3.445776441727677443e-04
2.902009785359656422e-04
2.428095712767024291e-04
2.018148239412662645e-04
1.666213890227832958e-04
1.366383857426650933e-04
1.112909018728910654e-04
9.002736066378092862e-05
7.232807163455328597e-05
5.770968055926261686e-05
4.572955498557235935e-05
3.598771923531743469e-05
2.812710957404962917e-05
2.183325362859347168e-05
1.683245568243313639e-05
1.288925506869110143e-05
9.803452321978487779e-06
7.406675256605916320e-06
5.558860563328337531e-06
4.144696498587085416e-06
3.070252030143359386e-06
2.259756985812389805e-06
1.652681968306626660e-06
1.201131036704086141e-06
8.675663839812257177e-07
6.228214754528095909e-07
4.444377453842943488e-07
3.152724721778597241e-07
2.223457465293738104e-07
1.559124831329067008e-07
1.087140511142069508e-07
7.538525041679519110e-08
5.199086995194926059e-08
3.566589061327030446e-08
2.433931012128310737e-08
1.652507768821665735e-08
1.116362819267020752e-08
7.504797722403445806e-09
5.021102681609685104e-09
3.343848600202402571e-09
2.216722924071929693e-09
1.463038207295802890e-09
9.614588046837014971e-10
6.292697491342920673e-10
4.100989442369315357e-10
2.663367935775776589e-10
1.722773265823739700e-10
1.110457361663722852e-10
7.130121235475698546e-11
4.565070392198036141e-11
2.913815072493767732e-11
1.845782589235531510e-11
1.174792899411790719e-11
7.444104363764104289e-12
4.721502211528206659e-12
2.900199775710727449e-12
1.869473657838217069e-12
1.210409765567880367e-12
6.965532128676664667e-13
4.675559546116500180e-13
3.228574685190908987e-13
2.105460034012830820e-13
