   4.1289966e-05
   3.3477488e-05
   2.5594925e-05
   1.7972734e-05
   1.0210054e-05
   2.2051490e-06
   1.2847774e-06
   1.1769627e-06
   1.0692089e-06
   9.6162523e-07
   8.5432580e-07
   7.4742971e-07
   6.4131318e-07
   5.3600506e-07
   4.2389253e-07
   2.9752322e-07
   1.4769451e-07
   2.9417193e-08
   1.9790646e-08
   3.1113593e-08
   3.0924572e-08
   3.0512714e-08
   3.0032166e-08
   2.9481116e-08
   2.8896418e-08
   2.8242698e-08
   2.7515269e-08
   2.6690799e-08
   2.5866527e-08
   2.4966904e-08
   1.7739298e-08
   4.5624685e-09
   1.2398617e-07
   3.2177157e-07
   5.1600060e-07
   7.0624157e-07
   8.9204730e-07
   1.0729556e-06
   1.2484900e-06
   1.4181604e-06
   1.5814638e-06
   1.7379604e-06
   1.8870831e-06
   2.0282667e-06
   2.1609691e-06
   2.2846425e-06
   2.3987356e-06
   2.5026953e-06
   2.5959694e-06
   2.6780942e-06
   2.5425264e-06
   2.6824146e-06
   2.8103796e-06
   2.9252337e-06
   3.0255946e-06
   3.1073304e-06
   3.7447500e-08
   2.1221380e-04
   4.1571666e-04
   5.9941582e-04
   7.6331688e-04
   9.0749360e-04
   1.0320900e-03
   1.1373224e-03
   1.2234804e-03
   1.2909284e-03
   1.3401061e-03
   1.3715286e-03
   1.3857859e-03
   1.3835425e-03
   1.3655354e-03
   1.3325725e-03
   1.2855300e-03
   1.2253491e-03
   1.1530321e-03
   9.4140277e-04
   7.3398719e-04
   9.0050149e-04
   1.2652443e-03
   1.6217885e-03
   1.9710535e-03
   2.3139715e-03
   2.6514803e-03
   2.9845146e-03
   3.3139976e-03
   3.6408329e-03
   3.9658949e-03
   4.2900207e-03
   4.6140005e-03
   4.9385698e-03
   5.2644001e-03
   5.5920913e-03
   5.9221638e-03
   6.2550513e-03
   6.5910940e-03
   6.9305332e-03
   7.2735060e-03
   7.6200411e-03
   7.9700554e-03
   8.3233523e-03
   8.6796202e-03
   9.0384327e-03
   9.3992496e-03
   9.7614194e-03
   1.0124183e-02
   1.0486678e-02
   1.0847944e-02
   1.1206932e-02
   1.1562509e-02
   1.1913470e-02
   1.2258546e-02
   1.2596414e-02
   1.2925711e-02
   1.3245044e-02
   1.3553004e-02
   1.3848177e-02
   1.4129159e-02
   1.4394565e-02
   1.4643050e-02
   1.4873313e-02
   1.5084115e-02
   1.5274292e-02
   1.5442760e-02
   1.5588534e-02
   1.5710732e-02
   1.5808587e-02
   1.5881456e-02
   1.5928824e-02
   1.5950311e-02
   1.5945677e-02
   1.5914828e-02
   1.5857811e-02
   1.5774823e-02
   1.5666202e-02
   1.5532434e-02
   1.5374140e-02
   1.5192079e-02
   1.4987136e-02
   1.4760320e-02
   1.4512750e-02
   1.4245651e-02
   1.3960338e-02
   1.3658210e-02
   1.3340732e-02
   1.3009426e-02
   1.2665858e-02
   1.2311619e-02
   1.1948316e-02
   1.1577558e-02
   1.1200937e-02
   1.0820018e-02
   1.0436323e-02
   1.0051321e-02
   9.6664103e-03
   9.2829125e-03
   8.9020567e-03
   8.5249720e-03
   8.1526779e-03
   7.7860767e-03
   7.4259467e-03
   7.0729373e-03
   6.7275650e-03
   6.3902111e-03
   6.0611198e-03
   5.7403995e-03
   5.4280233e-03
   5.1238324e-03
   4.8275399e-03
   4.5387358e-03
   4.2568938e-03
   3.9813776e-03
   3.7114498e-03
   3.4462804e-03
   3.1849560e-03
   2.9264903e-03
   2.6698344e-03
   2.4138872e-03
   2.1575067e-03
   1.8995207e-03
   1.6387379e-03
   1.3739586e-03
   1.1039854e-03
   8.2763307e-04
   8.9616962e-04
   1.0795566e-03
   1.1436288e-03
   1.1552652e-03
   1.2009132e-03
   1.2198496e-03
   1.2210349e-03
   1.2034759e-03
   1.1662686e-03
   1.1086024e-03
   1.0297634e-03
   9.2913672e-04
   8.0620787e-04
   6.6056387e-04
   4.9189331e-04
   2.9998573e-04
   8.4730415e-05
   4.2425276e-06
   4.7942629e-06
   5.8472897e-06
   6.9807042e-06
   8.1900710e-06
   9.4704346e-06
   1.0813704e-05
   1.2206758e-05
   1.3632342e-05
   1.5067006e-05
   1.6485887e-05
   1.7871449e-05
   1.9210473e-05
   2.0849719e-05
   2.0907548e-05
   2.2503306e-05
   2.4424126e-05
   2.0527543e-05
   2.2929070e-05
   2.4332595e-05
   2.4337506e-05
   2.4019814e-05
   2.8815583e-05
   3.2616564e-05
   3.5263723e-05
   3.6598624e-05
   3.6464177e-05
   3.4700586e-05
   3.1101377e-05
   2.5966553e-05
   1.8749916e-05
   9.4003394e-06
   2.0238150e-07
   3.0365630e-06
   3.0398153e-06
   2.9591812e-06
   2.7903711e-06
   2.5298736e-06
   2.1749826e-06
   1.7238104e-06
   1.1752885e-06
   5.2950234e-07
   0.0000000e+00
   0.0000000e+00
   0.0000000e+00
   0.0000000e+00
   0.0000000e+00
   0.0000000e+00
   0.0000000e+00
   0.0000000e+00
   0.0000000e+00
   0.0000000e+00
   0.0000000e+00
   0.0000000e+00
   0.0000000e+00
   0.0000000e+00
