   0.0000000e+00
   0.0000000e+00
   0.0000000e+00
   0.0000000e+00
   0.0000000e+00
   0.0000000e+00
   0.0000000e+00
   0.0000000e+00
   0.0000000e+00
   0.0000000e+00
   0.0000000e+00
   0.0000000e+00
   0.0000000e+00
   0.0000000e+00
   0.0000000e+00
   0.0000000e+00
   0.0000000e+00
   0.0000000e+00
   0.0000000e+00
   0.0000000e+00
   0.0000000e+00
   0.0000000e+00
   0.0000000e+00
   0.0000000e+00
   0.0000000e+00
   0.0000000e+00
   0.0000000e+00
   0.0000000e+00
   0.0000000e+00
   0.0000000e+00
   0.0000000e+00
   0.0000000e+00
   0.0000000e+00
   0.0000000e+00
   0.0000000e+00
   0.0000000e+00
   0.0000000e+00
   0.0000000e+00
   0.0000000e+00
   1.4931622e-08
   3.4527654e-08
   5.7024664e-08
   7.9788237e-08
   1.0184600e-07
   1.2176123e-07
   1.3878487e-07
   1.5281883e-07
   1.6610707e-07
   5.5892577e-06
   3.1798496e-05
   3.5845864e-05
   4.1126268e-05
   6.2660271e-05
   6.8585894e-05
   9.1977184e-05
   7.5163631e-05
   7.8761266e-05
   7.3070196e-05
   1.6378094e-04
   5.1586415e-04
   8.1899804e-04
   1.0748377e-03
   1.2852190e-03
   1.4521497e-03
   1.5777999e-03
   1.6644901e-03
   1.7146772e-03
   1.7309400e-03
   1.7159617e-03
   1.6725121e-03
   1.6034280e-03
   1.5115920e-03
   1.3999113e-03
   1.2712948e-03
   1.1286299e-03
   8.8429971e-04
   7.3728654e-04
   6.2765210e-04
   9.3597052e-04
   1.2417372e-03
   1.5468907e-03
   1.8531926e-03
   2.1622123e-03
   2.4753137e-03
   2.7936452e-03
   3.1181322e-03
   3.4494732e-03
   3.7881392e-03
   4.1343764e-03
   4.4882126e-03
   4.8494674e-03
   5.2177650e-03
   5.5925516e-03
   5.9731142e-03
   6.3586033e-03
   6.7480573e-03
   7.1404283e-03
   7.5346096e-03
   7.9294632e-03
   8.3238473e-03
   8.7166426e-03
   9.1067774e-03
   9.4932499e-03
   9.8751470e-03
   1.0251661e-02
   1.0622098e-02
   1.0985888e-02
   1.1342582e-02
   1.1691852e-02
   1.2033476e-02
   1.2367325e-02
   1.2693344e-02
   1.3011522e-02
   1.3321869e-02
   1.3624376e-02
   1.3918985e-02
   1.4205552e-02
   1.4483809e-02
   1.4753331e-02
   1.5013502e-02
   1.5263492e-02
   1.5502228e-02
   1.5728385e-02
   1.5940376e-02
   1.6136353e-02
   1.6314221e-02
   1.6471656e-02
   1.6606140e-02
   1.6715003e-02
   1.6795473e-02
   1.6844737e-02
   1.6860012e-02
   1.6838615e-02
   1.6778048e-02
   1.6676074e-02
   1.6530803e-02
   1.6340769e-02
   1.6105005e-02
   1.5823112e-02
   1.5495320e-02
   1.5122527e-02
   1.4706342e-02
   1.4249097e-02
   1.3753847e-02
   1.3224362e-02
   1.2665084e-02
   1.2081080e-02
   1.1477972e-02
   1.0861850e-02
   1.0239174e-02
   9.6166566e-03
   9.0011410e-03
   8.3994688e-03
   7.8183414e-03
   7.2641809e-03
   6.7429919e-03
   6.2602268e-03
   5.8206590e-03
   5.4282670e-03
   5.0861303e-03
   4.7963412e-03
   4.5599342e-03
   4.3768337e-03
   4.2458218e-03
   4.1645265e-03
   4.1294305e-03
   4.1359000e-03
   4.1782336e-03
   4.2497280e-03
   4.3427615e-03
   4.4488917e-03
   4.5589650e-03
   4.6632379e-03
   4.7515043e-03
   4.8132301e-03
   4.8376892e-03
   4.8141014e-03
   4.7317689e-03
   4.5802090e-03
   4.3492826e-03
   4.0293159e-03
   3.6112149e-03
   3.0865709e-03
   2.8199358e-03
   2.5333110e-03
   2.0078521e-03
   1.3473348e-03
   5.0278475e-04
   0.0000000e+00
   0.0000000e+00
   0.0000000e+00
   0.0000000e+00
   0.0000000e+00
   0.0000000e+00
   0.0000000e+00
   0.0000000e+00
   0.0000000e+00
   0.0000000e+00
   0.0000000e+00
   0.0000000e+00
   0.0000000e+00
   0.0000000e+00
   0.0000000e+00
   0.0000000e+00
   0.0000000e+00
   0.0000000e+00
   0.0000000e+00
   0.0000000e+00
   0.0000000e+00
   0.0000000e+00
   0.0000000e+00
   0.0000000e+00
   0.0000000e+00
   0.0000000e+00
   0.0000000e+00
   0.0000000e+00
   0.0000000e+00
   0.0000000e+00
   0.0000000e+00
   0.0000000e+00
   0.0000000e+00
   0.0000000e+00
   0.0000000e+00
   0.0000000e+00
   0.0000000e+00
   0.0000000e+00
   0.0000000e+00
   0.0000000e+00
   0.0000000e+00
   0.0000000e+00
   0.0000000e+00
   0.0000000e+00
   0.0000000e+00
   0.0000000e+00
   0.0000000e+00
   0.0000000e+00
   0.0000000e+00
   0.0000000e+00
   0.0000000e+00
   0.0000000e+00
   0.0000000e+00
   0.0000000e+00
   0.0000000e+00
   0.0000000e+00
   0.0000000e+00
   0.0000000e+00
   0.0000000e+00
   0.0000000e+00
   0.0000000e+00
   0.0000000e+00
   0.0000000e+00
   0.0000000e+00
   0.0000000e+00
   0.0000000e+00
   6.0205667e-06
   5.3688344e-04
