   3.0528010e-05
   2.0191624e-05
   1.2785678e-05
   7.7375929e-06
   4.4638814e-06
   2.4464458e-06
   0.0000000e+00
   0.0000000e+00
   0.0000000e+00
   0.0000000e+00
   0.0000000e+00
   0.0000000e+00
   0.0000000e+00
   0.0000000e+00
   0.0000000e+00
   0.0000000e+00
   0.0000000e+00
   0.0000000e+00
   0.0000000e+00
   0.0000000e+00
   0.0000000e+00
   0.0000000e+00
   0.0000000e+00
   0.0000000e+00
   0.0000000e+00
   0.0000000e+00
   0.0000000e+00
   0.0000000e+00
   0.0000000e+00
   0.0000000e+00
   0.0000000e+00
   0.0000000e+00
   0.0000000e+00
   0.0000000e+00
   0.0000000e+00
   0.0000000e+00
   0.0000000e+00
   0.0000000e+00
   0.0000000e+00
   0.0000000e+00
   0.0000000e+00
   0.0000000e+00
   0.0000000e+00
   0.0000000e+00
   0.0000000e+00
   0.0000000e+00
   0.0000000e+00
   0.0000000e+00
   0.0000000e+00
   0.0000000e+00
   0.0000000e+00
   0.0000000e+00
   0.0000000e+00
   0.0000000e+00
   0.0000000e+00
   0.0000000e+00
   0.0000000e+00
   0.0000000e+00
   0.0000000e+00
   0.0000000e+00
   0.0000000e+00
   0.0000000e+00
   0.0000000e+00
   0.0000000e+00
   0.0000000e+00
   0.0000000e+00
   0.0000000e+00
   0.0000000e+00
   0.0000000e+00
   0.0000000e+00
   0.0000000e+00
   0.0000000e+00
   0.0000000e+00
   0.0000000e+00
   0.0000000e+00
   0.0000000e+00
   0.0000000e+00
   0.0000000e+00
   0.0000000e+00
   0.0000000e+00
   0.0000000e+00
   0.0000000e+00
   0.0000000e+00
   1.6491430e-06
   3.9254135e-06
   8.7723108e-06
   1.8490799e-05
   3.6914144e-05
   7.0052159e-05
   1.2679002e-04
   2.1953306e-04
   3.6465035e-04
   5.8255435e-04
   8.9727355e-04
   1.3354343e-03
   1.9246609e-03
   2.6915114e-03
   3.6591676e-03
   4.8451669e-03
   6.2594815e-03
   7.9032176e-03
   9.7681177e-03
   1.1836941e-02
   1.4084669e-02
   1.6480385e-02
   1.8989596e-02
   2.1576738e-02
   2.4207625e-02
   2.6851616e-02
   2.9483377e-02
   3.2084148e-02
   3.4642514e-02
   3.7154722e-02
   3.9624638e-02
   4.2063427e-02
   4.4489090e-02
   4.6925944e-02
   4.9404143e-02
   5.1959318e-02
   5.4632381e-02
   5.7469549e-02
   6.0522610e-02
   6.3849448e-02
   6.7514857e-02
   7.1591636e-02
   7.6161996e-02
   8.1319283e-02
   8.7170025e-02
   9.3836320e-02
   1.0145856e-01
   1.1019849e-01
   1.2024253e-01
   1.3180538e-01
   1.4513368e-01
   1.6050957e-01
   1.7825392e-01
   1.9872874e-01
   2.2233814e-01
   2.4952726e-01
   2.8077794e-01
   3.1660007e-01
   3.5751721e-01
   4.0404478e-01
   4.5665949e-01
   5.1575835e-01
   5.8160680e-01
   6.5427575e-01
   7.3356937e-01
   8.1894698e-01
   9.0944524e-01
   1.0036092e+00
   1.0994437e+00
   1.1943981e+00
   1.2853981e+00
   1.3689370e+00
   1.4412326e+00
   1.4984518e+00
   1.5369903e+00
   1.5537878e+00
   1.5466453e+00
   1.5145040e+00
   1.4576441e+00
   1.3777650e+00
   1.2779245e+00
   1.1623315e+00
   1.0360102e+00
   9.0437664e-01
   7.7278186e-01
   6.4608226e-01
   5.2829193e-01
   4.2235631e-01
   3.3006430e-01
   2.5209306e-01
   1.8815978e-01
   1.3724284e-01
   9.7830742e-02
   6.8161877e-02
   4.6427742e-02
   3.0924560e-02
   2.0149745e-02
   1.2848574e-02
   8.0217085e-03
   4.9061366e-03
   2.9412576e-03
   1.7295429e-03
   9.9825526e-04
   5.6596871e-04
   3.1545129e-04
   1.7299285e-04
   9.3425109e-05
   4.9732182e-05
   2.6119338e-05
   1.3547582e-05
   6.9465765e-06
   3.5247827e-06
   1.7717255e-06
   0.0000000e+00
   0.0000000e+00
   0.0000000e+00
   0.0000000e+00
   0.0000000e+00
   0.0000000e+00
   0.0000000e+00
   0.0000000e+00
   0.0000000e+00
   0.0000000e+00
   0.0000000e+00
   0.0000000e+00
   0.0000000e+00
   0.0000000e+00
   0.0000000e+00
   0.0000000e+00
   0.0000000e+00
   0.0000000e+00
   0.0000000e+00
   0.0000000e+00
   0.0000000e+00
   0.0000000e+00
   0.0000000e+00
   0.0000000e+00
   0.0000000e+00
   0.0000000e+00
   0.0000000e+00
   0.0000000e+00
   0.0000000e+00
   0.0000000e+00
   0.0000000e+00
   0.0000000e+00
   0.0000000e+00
   0.0000000e+00
   0.0000000e+00
   0.0000000e+00
   0.0000000e+00
   0.0000000e+00
   0.0000000e+00
   0.0000000e+00
   0.0000000e+00
   0.0000000e+00
   0.0000000e+00
   0.0000000e+00
   0.0000000e+00
   0.0000000e+00
   0.0000000e+00
   0.0000000e+00
   0.0000000e+00
   0.0000000e+00
   0.0000000e+00
   0.0000000e+00
   0.0000000e+00
   0.0000000e+00
   0.0000000e+00
   0.0000000e+00
   0.0000000e+00
   0.0000000e+00
   0.0000000e+00
   0.0000000e+00
