   1.6898486e-06
   1.8187554e-06
   1.9593603e-06
   2.1128345e-06
   2.2804745e-06
   2.4637156e-06
   2.6641471e-06
   2.8835300e-06
   3.1238157e-06
   3.3871670e-06
   3.6759820e-06
   3.9929199e-06
   4.3409304e-06
   4.7232852e-06
   5.1436143e-06
   5.6059452e-06
   6.1147471e-06
   6.6749790e-06
   7.2921434e-06
   7.9723460e-06
   8.7223608e-06
   9.5497027e-06
   1.0462707e-05
   1.1470617e-05
   1.2583680e-05
   1.3813255e-05
   1.5171927e-05
   1.6673634e-05
   1.8333811e-05
   2.0169532e-05
   2.2199687e-05
   2.4445154e-05
   2.6928998e-05
   2.9676684e-05
   3.2716305e-05
   3.6078827e-05
   3.9798361e-05
   4.3912445e-05
   4.8462352e-05
   5.3493415e-05
   5.9055380e-05
   6.5202773e-05
   7.1995294e-05
   7.9498225e-05
   8.7782875e-05
   9.6927024e-05
   1.0701541e-04
   1.1814020e-04
   1.3040155e-04
   1.4390806e-04
   1.5877738e-04
   1.7513673e-04
   1.9312345e-04
   2.1288558e-04
   2.3458242e-04
   2.5838509e-04
   2.8447709e-04
   3.1305480e-04
   3.4432807e-04
   3.7852064e-04
   4.1587068e-04
   4.5663113e-04
   5.0107015e-04
   5.4947140e-04
   6.0213430e-04
   6.5937420e-04
   7.2152244e-04
   7.8892633e-04
   8.6194898e-04
   9.4096899e-04
   1.0263800e-03
   1.1185899e-03
   1.2180200e-03
   1.3251040e-03
   1.4402862e-03
   1.5640202e-03
   1.6967661e-03
   1.8389887e-03
   1.9911538e-03
   2.1537250e-03
   2.3271598e-03
   2.5119048e-03
   2.7083904e-03
   2.9170252e-03
   3.1381892e-03
   3.3722272e-03
   3.6194407e-03
   3.8800799e-03
   4.1543346e-03
   4.4423258e-03
   4.7440953e-03
   5.0595972e-03
   5.3886877e-03
   5.7311162e-03
   6.0865168e-03
   6.4544000e-03
   6.8341461e-03
   7.2249995e-03
   7.6260646e-03
   8.0363038e-03
   8.4545370e-03
   8.8794441e-03
   9.3095690e-03
   9.7433267e-03
   1.0179013e-02
   1.0614815e-02
   1.1048828e-02
   1.1479068e-02
   1.1903492e-02
   1.2320017e-02
   1.2726542e-02
   1.3120965e-02
   1.3501211e-02
   1.3865247e-02
   1.4211107e-02
   1.4536911e-02
   1.4840882e-02
   1.5121367e-02
   1.5376848e-02
   1.5605959e-02
   1.5807496e-02
   1.5980429e-02
   1.6123906e-02
   1.6237263e-02
   1.6320026e-02
   1.6371915e-02
   1.6392845e-02
   1.6382924e-02
   1.6342454e-02
   1.6271925e-02
   1.6172010e-02
   1.6043562e-02
   1.5887603e-02
   1.5705315e-02
   1.5498029e-02
   1.5267213e-02
   1.5014454e-02
   1.4741444e-02
   1.4449962e-02
   1.4141855e-02
   1.3819014e-02
   1.3483355e-02
   1.3136800e-02
   1.2781250e-02
   1.2418567e-02
   1.2050554e-02
   1.1678936e-02
   1.1305342e-02
   1.0931292e-02
   1.0558184e-02
   1.0187285e-02
   9.8197256e-03
   9.4564957e-03
   9.0984441e-03
   8.7462811e-03
   8.4005836e-03
   8.0618018e-03
   7.7302690e-03
   7.4062125e-03
   7.0897654e-03
   6.7809801e-03
   6.4798421e-03
   6.1862836e-03
   5.9001976e-03
   5.6214505e-03
   5.3498952e-03
   5.0853822e-03
   4.8277695e-03
   4.5769313e-03
   4.3327650e-03
   4.0951964e-03
   3.8641827e-03
   3.6397150e-03
   3.4218171e-03
   3.2105447e-03
   3.0059815e-03
   2.8082351e-03
   2.6174311e-03
   2.4337066e-03
   2.2572038e-03
   2.0880620e-03
   1.9264111e-03
   1.7723642e-03
   1.6260118e-03
   1.4874158e-03
   1.3566050e-03
   1.2335715e-03
   1.1182687e-03
   1.0106092e-03
   9.1046557e-04
   8.1767091e-04
   7.3202097e-04
   6.5327712e-04
   5.8116993e-04
   5.1540343e-04
   4.5565974e-04
   4.0160395e-04
   3.5288902e-04
   3.0916069e-04
   2.7006217e-04
   2.3523846e-04
   2.0434036e-04
   1.7702795e-04
   1.5297359e-04
   1.3186441e-04
   1.1340426e-04
   9.7315096e-05
   8.3338000e-05
   7.1233633e-05
   6.0782360e-05
   5.1784011e-05
   4.4057355e-05
   3.7439338e-05
   3.1784138e-05
   2.6962093e-05
   2.2858536e-05
   1.9372588e-05
   1.6415936e-05
   1.3911627e-05
   1.1792901e-05
   1.0002077e-05
   8.4895122e-06
   7.2126334e-06
   6.1350502e-06
   5.2257515e-06
   4.4583831e-06
   3.8106037e-06
   3.2635159e-06
   2.8011666e-06
   2.4101103e-06
   2.0790318e-06
   1.7984190e-06
   1.5602837e-06
   1.3579216e-06
   1.1857085e-06
   1.0389279e-06
   9.1362390e-07
   8.0647869e-07
   7.1470824e-07
   6.3597538e-07
   5.6831674e-07
   5.1008161e-07
   4.5988091e-07
   4.1654442e-07
   3.7908525e-07
   3.4667002e-07
   3.1859410e-07
   2.9426089e-07
   2.7316450e-07
   2.5487536e-07
   2.3902808e-07
   2.2531135e-07
   2.1345951e-07
   2.0324539e-07
   1.9447435e-07
   1.8697926e-07
