   0.0000000e+00
   0.0000000e+00
   0.0000000e+00
   0.0000000e+00
   0.0000000e+00
   0.0000000e+00
   0.0000000e+00
   0.0000000e+00
   0.0000000e+00
   0.0000000e+00
   1.8502637e-08
   2.3708524e-08
   3.0258841e-08
   3.8478470e-08
   4.8767909e-08
   6.1620788e-08
   7.7645394e-08
   9.7591229e-08
   1.2238104e-07
   1.5315320e-07
   1.9130954e-07
   2.3857818e-07
   2.9708867e-07
   3.6946458e-07
   4.5894347e-07
   5.6951230e-07
   7.0608238e-07
   8.7469996e-07
   1.0828211e-06
   1.3395944e-06
   1.6562879e-06
   2.0467274e-06
   2.5278323e-06
   3.1203692e-06
   3.8496254e-06
   4.7465069e-06
   5.8484407e-06
   7.2009077e-06
   8.8586775e-06
   1.0887754e-05
   1.3366902e-05
   1.6390079e-05
   2.0068529e-05
   2.4532731e-05
   2.9935256e-05
   3.6452738e-05
   4.4288171e-05
   5.3671469e-05
   6.4861471e-05
   7.8145570e-05
   9.3837351e-05
   1.1227531e-04
   1.3381618e-04
   1.5883103e-04
   1.8769388e-04
   2.2076961e-04
   2.5840838e-04
   3.0091982e-04
   3.4856788e-04
   4.0155197e-04
   4.5999026e-04
   5.2391470e-04
   5.9325750e-04
   6.6784741e-04
   7.4742278e-04
   8.3162087e-04
   9.2002174e-04
   1.0121373e-03
   1.1074591e-03
   1.2054840e-03
   1.3057503e-03
   1.4078603e-03
   1.5115293e-03
   1.6165855e-03
   1.7230483e-03
   1.8310722e-03
   1.9410112e-03
   2.0534548e-03
   2.1691468e-03
   2.2890543e-03
   2.4143537e-03
   2.5464114e-03
   2.6867566e-03
   2.8371506e-03
   2.9994678e-03
   3.1757890e-03
   3.3682993e-03
   3.5793032e-03
   3.8112167e-03
   4.0664645e-03
   4.3474594e-03
   4.6565056e-03
   4.9957079e-03
   5.3667642e-03
   5.7709593e-03
   6.2088400e-03
   6.6800877e-03
   7.1832752e-03
   7.7156949e-03
   8.2731903e-03
   8.8501346e-03
   9.4392134e-03
   1.0031778e-02
   1.0617909e-02
   1.1186831e-02
   1.1727449e-02
   1.2229050e-02
   1.2681700e-02
   1.3077068e-02
   1.3409116e-02
   1.3674382e-02
   1.3872333e-02
   1.4005162e-02
   1.4078194e-02
   1.4098881e-02
   1.4076679e-02
   1.4022250e-02
   1.3947309e-02
   1.3863425e-02
   1.3781870e-02
   1.3713207e-02
   1.3666746e-02
   1.3650819e-02
   1.3671992e-02
   1.3735300e-02
   1.3843973e-02
   1.3999559e-02
   1.4201265e-02
   1.4446425e-02
   1.4729588e-02
   1.5042882e-02
   1.5375602e-02
   1.5714240e-02
   1.6042717e-02
   1.6342942e-02
   1.6595325e-02
   1.6780186e-02
   1.6878890e-02
   1.6875431e-02
   1.6758037e-02
   1.6520213e-02
   1.6161951e-02
   1.5689491e-02
   1.5115428e-02
   1.4457283e-02
   1.3736203e-02
   1.2975204e-02
   1.2197376e-02
   1.1424092e-02
   1.0674195e-02
   9.9630205e-03
   9.3021128e-03
   8.6992933e-03
   8.1589587e-03
   7.6827234e-03
   7.2698672e-03
   6.9177708e-03
   6.6224700e-03
   6.3789943e-03
   6.1815631e-03
   6.0236825e-03
   5.8981774e-03
   5.7973829e-03
   5.7129148e-03
   5.6360302e-03
   5.5576095e-03
   5.4686532e-03
   5.3606141e-03
   5.2260508e-03
   5.0592074e-03
   4.8567060e-03
   4.6179338e-03
   4.3451433e-03
   4.0434741e-03
   3.7203363e-03
   3.3847279e-03
   3.0462075e-03
   2.7140921e-03
   2.3965516e-03
   2.1000674e-03
   1.8291881e-03
   1.5864559e-03
   1.3726725e-03
   1.1871847e-03
   1.0283026e-03
   8.9368510e-04
   7.8063132e-04
   6.8638485e-04
   6.0826902e-04
   5.4381273e-04
   4.9080683e-04
   4.4731255e-04
   4.1165668e-04
   3.8239707e-04
   3.5829789e-04
   3.3828903e-04
   3.2143900e-04
   3.0692680e-04
   2.9402328e-04
   2.8208229e-04
   2.7053585e-04
   2.5889901e-04
   2.4677994e-04
   2.3389141e-04
   2.2005807e-04
   2.0522733e-04
   1.8946529e-04
   1.7294588e-04
   1.5593342e-04
   1.3875298e-04
   1.2176071e-04
   1.0531006e-04
   8.9723904e-05
   7.5270834e-05
   6.2150993e-05
   5.0489183e-05
   4.0337067e-05
   3.1679504e-05
   2.4446885e-05
   1.8528115e-05
   1.3784290e-05
   1.0061673e-05
   7.2026529e-06
   5.0546822e-06
   3.4767710e-06
   2.3438424e-06
   1.5490214e-06
   1.0041964e-06
   6.3922088e-07
   4.0013566e-07
   2.4682221e-07
   1.5043634e-07
   9.0902507e-08
   5.4679856e-08
   3.2900252e-08
   1.9911224e-08
   0.0000000e+00
   0.0000000e+00
   0.0000000e+00
   0.0000000e+00
   0.0000000e+00
   0.0000000e+00
   0.0000000e+00
   0.0000000e+00
   0.0000000e+00
   0.0000000e+00
   0.0000000e+00
   0.0000000e+00
   0.0000000e+00
   0.0000000e+00
   0.0000000e+00
   0.0000000e+00
   0.0000000e+00
   3.5135865e-08
   4.6137508e-07
   4.9639016e-06
