   9.9103614e-06
   1.0292724e-05
   1.0698328e-05
   1.1128861e-05
   1.1586149e-05
   1.2072171e-05
   1.2589071e-05
   1.3139175e-05
   1.3725005e-05
   1.4349300e-05
   1.5015037e-05
   1.5725448e-05
   1.6484049e-05
   1.7294664e-05
   1.8161456e-05
   1.9088958e-05
   2.0082108e-05
   2.1146288e-05
   2.2287369e-05
   2.3511752e-05
   2.4826427e-05
   2.6239024e-05
   2.7757875e-05
   2.9392087e-05
   3.1151612e-05
   3.3047333e-05
   3.5091152e-05
   3.7296089e-05
   3.9676394e-05
   4.2247662e-05
   4.5026967e-05
   4.8033004e-05
   5.1286246e-05
   5.4809115e-05
   5.8626170e-05
   6.2764311e-05
   6.7253004e-05
   7.2124520e-05
   7.7414205e-05
   8.3160763e-05
   8.9406571e-05
   9.6198015e-05
   1.0358586e-04
   1.1162564e-04
   1.2037807e-04
   1.2990955e-04
   1.4029261e-04
   1.5160642e-04
   1.6393743e-04
   1.7737986e-04
   1.9203643e-04
   2.0801894e-04
   2.2544902e-04
   2.4445885e-04
   2.6519189e-04
   2.8780372e-04
   3.1246280e-04
   3.3935129e-04
   3.6866592e-04
   4.0061875e-04
   4.3543804e-04
   4.7336904e-04
   5.1467467e-04
   5.5963630e-04
   6.0855431e-04
   6.6174862e-04
   7.1955910e-04
   7.8234582e-04
   8.5048910e-04
   9.2438940e-04
   1.0044669e-03
   1.0911610e-03
   1.1849292e-03
   1.2862456e-03
   1.3955997e-03
   1.5134938e-03
   1.6404409e-03
   1.7769608e-03
   1.9235775e-03
   2.0808143e-03
   2.2491893e-03
   2.4292101e-03
   2.6213678e-03
   2.8261309e-03
   3.0439375e-03
   3.2751887e-03
   3.5202395e-03
   3.7793914e-03
   4.0528828e-03
   4.3408802e-03
   4.6434693e-03
   4.9606455e-03
   5.2923049e-03
   5.6382361e-03
   5.9981113e-03
   6.3714793e-03
   6.7577586e-03
   7.1562317e-03
   7.5660413e-03
   7.9861865e-03
   8.4155225e-03
   8.8527602e-03
   9.2964692e-03
   9.7450821e-03
   1.0196901e-02
   1.0650106e-02
   1.1102766e-02
   1.1552852e-02
   1.1998254e-02
   1.2436792e-02
   1.2866242e-02
   1.3284351e-02
   1.3688860e-02
   1.4077528e-02
   1.4448149e-02
   1.4798584e-02
   1.5126778e-02
   1.5430782e-02
   1.5708778e-02
   1.5959099e-02
   1.6180245e-02
   1.6370901e-02
   1.6529956e-02
   1.6656507e-02
   1.6749876e-02
   1.6809613e-02
   1.6835499e-02
   1.6827551e-02
   1.6786015e-02
   1.6711364e-02
   1.6604289e-02
   1.6465688e-02
   1.6296657e-02
   1.6098471e-02
   1.5872567e-02
   1.5620531e-02
   1.5344074e-02
   1.5045012e-02
   1.4725249e-02
   1.4386752e-02
   1.4031532e-02
   1.3661627e-02
   1.3279075e-02
   1.2885902e-02
   1.2484104e-02
   1.2075628e-02
   1.1662359e-02
   1.1246109e-02
   1.0828603e-02
   1.0411473e-02
   9.9962466e-03
   9.5843445e-03
   9.1770745e-03
   8.7756295e-03
   8.3810861e-03
   7.9944054e-03
   7.6164339e-03
   7.2479062e-03
   6.8894489e-03
   6.5415847e-03
   6.2047375e-03
   5.8792379e-03
   5.5653295e-03
   5.2631747e-03
   4.9728613e-03
   4.6944092e-03
   4.4277767e-03
   4.1728668e-03
   3.9295335e-03
   3.6975877e-03
   3.4768029e-03
   3.2669206e-03
   3.0676555e-03
   2.8786997e-03
   2.6997279e-03
   2.5304004e-03
   2.3703677e-03
   2.2192729e-03
   2.0767553e-03
   1.9424529e-03
   1.8160043e-03
   1.6970511e-03
   1.5852399e-03
   1.4802231e-03
   1.3816608e-03
   1.2892215e-03
   1.2025832e-03
   1.1214339e-03
   1.0454723e-03
   9.7440811e-04
   9.0796229e-04
   8.4586732e-04
   7.8786719e-04
   7.3371739e-04
   6.8318483e-04
   6.3604772e-04
   5.9209529e-04
   5.5112761e-04
   5.1295528e-04
   4.7739911e-04
   4.4428982e-04
   4.1346763e-04
   3.8478195e-04
   3.5809099e-04
   3.3326135e-04
   3.1016770e-04
   2.8869238e-04
   2.6872501e-04
   2.5016214e-04
   2.3290690e-04
   2.1686865e-04
   2.0196263e-04
   1.8810964e-04
   1.7523572e-04
   1.6327186e-04
   1.5215368e-04
   1.4182119e-04
   1.3221850e-04
   1.2329355e-04
   1.1499792e-04
   1.0728655e-04
   1.0011754e-04
   9.3451950e-05
   8.7253600e-05
   8.1488888e-05
   7.6126615e-05
   7.1137822e-05
   6.6495635e-05
   6.2175125e-05
   5.8153170e-05
   5.4408325e-05
   5.0920708e-05
   4.7671889e-05
   4.4644780e-05
   4.1823546e-05
   3.9193507e-05
   3.6741060e-05
   3.4453595e-05
   3.2319427e-05
   3.0327724e-05
   2.8468446e-05
   2.6732285e-05
   2.5110613e-05
   2.3595429e-05
   2.2179315e-05
   2.0855388e-05
   1.9617266e-05
   1.8459028e-05
   1.7375179e-05
   1.6360619e-05
   1.5410615e-05
   1.4520772e-05
   1.3687009e-05
   1.2905535e-05
   1.2172831e-05
   1.1485623e-05
