1.370413934019238425e-07
1.524813933711165243e-07
1.700093154428717075e-07
1.899263647998295478e-07
2.126094261030386778e-07
2.384831465253014904e-07
2.680463570502091368e-07
3.018835786743710080e-07
3.406845170920797651e-07
3.852581033879121295e-07
4.365361509448760262e-07
4.956481966696826598e-07
5.638891810972881356e-07
6.428067654716296271e-07
7.342197438363028797e-07
8.402873731147321632e-07
9.635418291744495869e-07
1.106995420641657377e-06
1.274211031866575804e-06
1.469410133986490231e-06
1.697597695171208292e-06
1.964729493733885180e-06
2.277855069771105969e-06
2.645352217547611779e-06
3.077178186047021566e-06
3.585169367921199941e-06
4.183390533408526434e-06
4.888541417345968566e-06
5.720469549439239188e-06
6.702763068101617569e-06
7.863399013252401931e-06
9.235564522178900116e-06
1.085860831165668418e-05
1.277909918418232360e-05
1.505213322509057068e-05
1.774274205493699870e-05
2.092761341722933590e-05
2.469696681607946433e-05
2.915673570943099887e-05
3.443099858595349713e-05
4.066469496940223257e-05
4.802664881018283636e-05
5.671279585742239235e-05
6.694977502161368436e-05
7.899857349087352867e-05
9.315850620897380471e-05
1.097711985328429465e-04
1.292241829368187913e-04
1.519550237790975378e-04
1.784538914672897925e-04
2.092664959472422838e-04
2.449956766668086533e-04
2.863008552299393505e-04
3.338973391281262345e-04
3.885520851527382298e-04
4.510776600672281749e-04
5.223230774404223403e-04
6.031613318018240336e-04
6.944726830673403351e-04
7.971253442195400064e-04
9.119523319891942184e-04
1.039721935096442514e-03
1.181110972204200797e-03
1.336666281239312897e-03
1.506775829951115123e-03
1.691630364176376512e-03
1.891192295385013631e-03
2.105163499862190875e-03
2.332961982636918598e-03
2.573702970159686722e-03
2.826192981458416648e-03
3.088924878242732281e-03
3.360101680078836448e-03
3.637650675802570673e-03
3.919276273548784502e-03
4.202498436597756903e-03
4.484719322559512812e-03
4.763300025262101264e-03
5.035622012235082753e-03
5.299180378211084536e-03
5.551650059026971666e-03
5.790966424140876756e-03
6.015387649656094189e-03
6.223554549316567125e-03
6.414512573794198605e-03
6.587765237316852568e-03
6.743282570470470090e-03
6.881469480073802193e-03
7.003195999827416425e-03
7.109747118000252393e-03
7.202780965417690875e-03
7.284310228729328450e-03
7.356651005283538873e-03
7.422372104788902379e-03
7.484273745944949527e-03
7.545334510325960205e-03
7.608713600387339258e-03
7.677711840018373694e-03
7.755781736824693927e-03
7.846547292576080274e-03
7.953803276986715423e-03
8.081590791423218234e-03
8.234222207542662986e-03
8.416373956672881101e-03
8.633176854154852101e-03
8.890330074705439858e-03
9.194243266130542463e-03
9.552200589227170802e-03
9.972565722254448164e-03
1.046501954368143049e-02
1.104085313274067413e-02
1.171328297402136551e-02
1.249789306335584785e-02
1.341305445946583755e-02
1.448057082339407504e-02
1.572628002235470709e-02
1.718090609923422774e-02
1.888095796778447438e-02
2.086986630031056889e-02
2.319922762525917365e-02
2.593030768863987742e-02
2.913573480988439907e-02
3.290142423785164666e-02
3.732870187895762776e-02
4.253661438329512517e-02
4.866451079615365799e-02
5.587453012447615025e-02
6.435417437118247375e-02
7.431873278844038089e-02
8.601311817859866315e-02
9.971323539596557706e-02
1.157258889396748092e-01
1.343878457038457930e-01
1.560617612954425526e-01
1.811305952489723481e-01
2.099881176113799763e-01
2.430260234968543986e-01
2.806161226181331236e-01
3.230889120789938729e-01
3.707073973585435223e-01
4.236359585892851554e-01
4.819080632231914074e-01
5.453899507905154431e-01
6.137474850714105257e-01
6.864137515058357231e-01
7.625657019277861659e-01
8.411097750068372569e-01
9.206806638915187024e-01
9.996594278796291366e-01
1.076206348668290236e+00
1.148319191125187322e+00
1.213907379290864341e+00
1.270882304563649035e+00
1.317262001431966922e+00
1.351281743322946260e+00
1.371497645742977056e+00
1.376883501000146781e+00
1.366906784456437096e+00
1.341577145243805669e+00
1.301461727305187388e+00
1.247667175037087350e+00
1.181785759097143007e+00
1.105809766403567318e+00
1.022024138205147814e+00
9.328802636368775936e-01
8.408681898324644743e-01
7.483894095778703681e-01
6.576470586176077493e-01
5.705570419886077937e-01
4.886848699071781321e-01
4.132107472173803253e-01
3.449241882633505840e-01
2.842419976487454703e-01
2.312462368341721697e-01
1.857372322399294118e-01
1.472934475527289677e-01
1.153335937056224197e-01
8.917650040161895220e-02
6.809363408414798036e-02
5.135338361995681056e-02
3.825500073445266963e-02
2.815262820298985655e-02
2.047016386343829611e-02
1.470819841502336682e-02
1.044484698224556855e-02
7.331983204029995406e-03
5.088557429552826097e-03
3.492219551614961573e-03
2.370419023914065951e-03
1.591667679714464786e-03
1.057480405328921000e-03
6.953076597503396895e-04
4.525439236914774390e-04
2.916218302703662310e-04
1.861028747047179736e-04
1.176413735451430672e-04
7.367878599725505599e-05
4.573019124900025624e-05
2.813491669149021466e-05
1.716227128848717780e-05
1.038235982363336757e-05
6.230389123674417931e-06
3.709699477735836091e-06
2.192162904955133472e-06
1.285952011555194879e-06
7.490332953916239023e-07
4.333215562106445454e-07
2.490331096005871783e-07
1.422164554897219358e-07
8.072350111363737623e-08
4.555221109725549677e-08
2.556197535418514888e-08
1.426728231126825992e-08
7.923141755332011750e-09
4.378946020620213937e-09
2.408595452524371113e-09
1.319505020587028027e-09
7.200642533136014752e-10
3.911811196054639675e-10
2.118600652833464904e-10
1.140854160039133726e-10
6.055336485184706437e-11
3.292122710445893830e-11
1.708289366124028493e-11
9.183088720660561506e-12
4.691981842693446425e-12
1.992448773603058105e-12
1.250048914989600677e-12
6.734363826028617045e-13
1.060240085260504022e-13
4.522872100795392995e-14
-3.553586853889096790e-13
-6.153795466743352832e-13
-4.689872082960095425e-13
-5.706392852890275802e-13
-3.187599526734585120e-13
-1.806536832274783462e-13
-5.992087397963526448e-13
1.978058514271292933e-13
2.806458996568929280e-14
8.263532414453261918e-14
-3.494884519035126523e-13
-3.145331702468180892e-13
3.497837358120585304e-13
1.453035257532318442e-13
1.109789842953349360e-13
-3.331169116733277250e-13
-2.274915166635722014e-13
-3.488485444592267881e-13
-2.864126804632464856e-14
-2.080596615362453313e-13
-3.558965322702073737e-13
1.095882961095092360e-13
-2.032072527185814911e-13
-4.759546020299995078e-13
-6.154775475810300785e-15
