   0.0000000e+00
   0.0000000e+00
   0.0000000e+00
   0.0000000e+00
   0.0000000e+00
   0.0000000e+00
   0.0000000e+00
   0.0000000e+00
   0.0000000e+00
   0.0000000e+00
   0.0000000e+00
   0.0000000e+00
   0.0000000e+00
   0.0000000e+00
   1.8767412e-06
   1.9342674e-05
   3.6121485e-05
   5.2178638e-05
   6.7480625e-05
   8.1995225e-05
   9.5691787e-05
   1.0854152e-04
   1.2051784e-04
   1.3159667e-04
   1.4175684e-04
   1.5098047e-04
   1.5925337e-04
   1.6656546e-04
   1.7291126e-04
   1.7829032e-04
   1.8270777e-04
   1.8617478e-04
   1.8870914e-04
   1.9033578e-04
   1.9108736e-04
   1.9100485e-04
   1.9013811e-04
   1.8854652e-04
   1.8629955e-04
   1.8347739e-04
   1.8017159e-04
   1.7648558e-04
   1.7253536e-04
   1.6844999e-04
   1.6437218e-04
   1.6045881e-04
   1.5688142e-04
   1.5382663e-04
   1.5149655e-04
   1.5010913e-04
   1.4989837e-04
   1.5111458e-04
   1.5402444e-04
   1.5891100e-04
   1.6607364e-04
   1.7582780e-04
   1.8850466e-04
   2.0445069e-04
   2.2402704e-04
   2.4760874e-04
   2.7558382e-04
   3.0835216e-04
   3.4632429e-04
   3.8991987e-04
   4.3956609e-04
   4.9569582e-04
   5.5874561e-04
   6.2915342e-04
   7.0735627e-04
   7.9378758e-04
   8.8887444e-04
   9.9303461e-04
   1.1066734e-03
   1.2301805e-03
   1.3639263e-03
   1.5082586e-03
   1.6634991e-03
   1.8299393e-03
   2.0078370e-03
   2.1974128e-03
   2.3988459e-03
   2.6122705e-03
   2.8377728e-03
   3.0753865e-03
   3.3250906e-03
   3.5868056e-03
   3.8603908e-03
   4.1456421e-03
   4.4422892e-03
   4.7499944e-03
   5.0683507e-03
   5.3968811e-03
   5.7350378e-03
   6.0822027e-03
   6.4376872e-03
   6.8007340e-03
   7.1705183e-03
   7.5461503e-03
   7.9266776e-03
   8.3110889e-03
   8.6983180e-03
   9.0872476e-03
   9.4767154e-03
   9.8655184e-03
   1.0252420e-02
   1.0636154e-02
   1.1015436e-02
   1.1388965e-02
   1.1755433e-02
   1.2113535e-02
   1.2461972e-02
   1.2799461e-02
   1.3124743e-02
   1.3436589e-02
   1.3733812e-02
   1.4015265e-02
   1.4279860e-02
   1.4526563e-02
   1.4754409e-02
   1.4962505e-02
   1.5150032e-02
   1.5316255e-02
   1.5460526e-02
   1.5582285e-02
   1.5681066e-02
   1.5756499e-02
   1.5808312e-02
   1.5836330e-02
   1.5840480e-02
   1.5820784e-02
   1.5777368e-02
   1.5710452e-02
   1.5620353e-02
   1.5507479e-02
   1.5372330e-02
   1.5215493e-02
   1.5037636e-02
   1.4839505e-02
   1.4621921e-02
   1.4385772e-02
   1.4132007e-02
   1.3861635e-02
   1.3575713e-02
   1.3275344e-02
   1.2961669e-02
   1.2635858e-02
   1.2299110e-02
   1.1952640e-02
   1.1597676e-02
   1.1235451e-02
   1.0867199e-02
   1.0494143e-02
   1.0117499e-02
   9.7384589e-03
   9.3581939e-03
   8.9778446e-03
   8.5985174e-03
   8.2212798e-03
   7.8471564e-03
   7.4771244e-03
   7.1121109e-03
   6.7529892e-03
   6.4005763e-03
   6.0556307e-03
   5.7188503e-03
   5.3908711e-03
   5.0722662e-03
   4.7635449e-03
   4.4651527e-03
   4.1774712e-03
   3.9008186e-03
   3.6354507e-03
   3.3815621e-03
   3.1392873e-03
   2.9087031e-03
   2.6898301e-03
   2.4826353e-03
   2.2870349e-03
   2.1028964e-03
   1.9300424e-03
   1.7682529e-03
   1.6172691e-03
   1.4767964e-03
   1.3465081e-03
   1.2260484e-03
   1.1150366e-03
   1.0130698e-03
   9.1972723e-04
   8.3457288e-04
   7.5715943e-04
   6.8703134e-04
   6.2372808e-04
   5.6678725e-04
   5.1574745e-04
   4.7015117e-04
   4.2954741e-04
   3.9349414e-04
   3.6156060e-04
   3.3332943e-04
   3.0839860e-04
   2.8638308e-04
   2.6691643e-04
   2.4965207e-04
   2.3426443e-04
   2.2044986e-04
   2.0792736e-04
   1.9643913e-04
   1.8575090e-04
   1.7565209e-04
   1.6595583e-04
   1.5649878e-04
   1.4714081e-04
   1.3776453e-04
   1.2827467e-04
   1.1859738e-04
   1.0867939e-04
   9.8487041e-05
   8.8005272e-05
   7.7236517e-05
   6.6199521e-05
   5.4928115e-05
   4.3469948e-05
   3.1885178e-05
   2.0245156e-05
   8.6310856e-06
   0.0000000e+00
   0.0000000e+00
   0.0000000e+00
   0.0000000e+00
   0.0000000e+00
   0.0000000e+00
   0.0000000e+00
   0.0000000e+00
   0.0000000e+00
   0.0000000e+00
   0.0000000e+00
   0.0000000e+00
   0.0000000e+00
   0.0000000e+00
   0.0000000e+00
   0.0000000e+00
   0.0000000e+00
   0.0000000e+00
   0.0000000e+00
   0.0000000e+00
   0.0000000e+00
   0.0000000e+00
   0.0000000e+00
   2.6994279e-06
   2.3138464e-05
   4.5624393e-05
   7.0149262e-05
   9.6697143e-05
   1.2524436e-04
   1.5575978e-04
   1.8820512e-04
