   0.0000000e+00
   0.0000000e+00
   0.0000000e+00
   0.0000000e+00
   0.0000000e+00
   0.0000000e+00
   0.0000000e+00
   0.0000000e+00
   0.0000000e+00
   0.0000000e+00
   0.0000000e+00
   0.0000000e+00
   0.0000000e+00
   0.0000000e+00
   0.0000000e+00
   0.0000000e+00
   0.0000000e+00
   0.0000000e+00
   0.0000000e+00
   0.0000000e+00
   0.0000000e+00
   0.0000000e+00
   0.0000000e+00
   0.0000000e+00
   0.0000000e+00
   0.0000000e+00
   0.0000000e+00
   0.0000000e+00
   0.0000000e+00
   0.0000000e+00
   0.0000000e+00
   0.0000000e+00
   0.0000000e+00
   0.0000000e+00
   0.0000000e+00
   0.0000000e+00
   0.0000000e+00
   0.0000000e+00
   0.0000000e+00
   0.0000000e+00
   0.0000000e+00
   0.0000000e+00
   0.0000000e+00
   0.0000000e+00
   0.0000000e+00
   0.0000000e+00
   0.0000000e+00
   0.0000000e+00
   0.0000000e+00
   0.0000000e+00
   0.0000000e+00
   0.0000000e+00
   0.0000000e+00
   0.0000000e+00
   0.0000000e+00
   0.0000000e+00
   0.0000000e+00
   0.0000000e+00
   0.0000000e+00
   0.0000000e+00
   0.0000000e+00
   0.0000000e+00
   0.0000000e+00
   0.0000000e+00
   0.0000000e+00
   0.0000000e+00
   0.0000000e+00
   0.0000000e+00
   0.0000000e+00
   0.0000000e+00
   0.0000000e+00
   0.0000000e+00
   0.0000000e+00
   0.0000000e+00
   0.0000000e+00
   0.0000000e+00
   0.0000000e+00
   0.0000000e+00
   0.0000000e+00
   0.0000000e+00
   0.0000000e+00
   0.0000000e+00
   0.0000000e+00
   0.0000000e+00
   0.0000000e+00
   0.0000000e+00
   0.0000000e+00
   0.0000000e+00
   0.0000000e+00
   0.0000000e+00
   0.0000000e+00
   2.2632670e-06
   6.3523879e-06
   1.6156360e-05
   3.7538863e-05
   8.0295978e-05
   1.5927641e-04
   2.9502225e-04
   5.1361506e-04
   8.4560720e-04
   1.3241888e-03
   1.9829748e-03
   2.8539007e-03
   3.9656577e-03
   5.3429186e-03
   7.0063870e-03
   8.9735051e-03
   1.1259550e-02
   1.3878818e-02
   1.6845626e-02
   2.0174956e-02
   2.3882624e-02
   2.7984954e-02
   3.2497985e-02
   3.7436291e-02
   4.2811534e-02
   4.8630884e-02
   5.4895490e-02
   6.1599167e-02
   6.8727520e-02
   7.6257666e-02
   8.4158724e-02
   9.2393182e-02
   1.0091916e-01
   1.0969358e-01
   1.1867600e-01
   1.2783302e-01
   1.3714297e-01
   1.4660055e-01
   1.5622126e-01
   1.6604535e-01
   1.7614133e-01
   1.8660885e-01
   1.9758134e-01
   2.0922832e-01
   2.2175791e-01
   2.3541957e-01
   2.5050754e-01
   2.6736494e-01
   2.8638873e-01
   3.0803517e-01
   3.3282550e-01
   3.6135090e-01
   3.9427527e-01
   4.3233391e-01
   4.7632494e-01
   5.2708953e-01
   5.8547571e-01
   6.5227949e-01
   7.2815653e-01
   8.1349810e-01
   9.0826741e-01
   1.0117980e+00
   1.1225651e+00
   1.2379539e+00
   1.3540670e+00
   1.4656303e+00
   1.5660683e+00
   1.6478213e+00
   1.7029535e+00
   1.7240472e+00
   1.7053044e+00
   1.6436834e+00
   1.5398251e+00
   1.3985026e+00
   1.2283869e+00
   1.0410679e+00
   8.4946945e-01
   6.6598498e-01
   5.0076165e-01
   3.6052560e-01
   2.4817671e-01
   1.6314948e-01
   1.0232759e-01
   6.1188640e-02
   3.4867148e-02
   1.8929325e-02
   9.7913187e-03
   4.8267679e-03
   2.2688612e-03
   1.0177121e-03
   4.3604838e-04
   1.7867240e-04
   7.0113415e-05
   2.6390920e-05
   9.5451082e-06
   3.3236103e-06
   0.0000000e+00
   0.0000000e+00
   0.0000000e+00
   0.0000000e+00
   0.0000000e+00
   0.0000000e+00
   0.0000000e+00
   0.0000000e+00
   0.0000000e+00
   0.0000000e+00
   0.0000000e+00
   0.0000000e+00
   0.0000000e+00
   0.0000000e+00
   0.0000000e+00
   0.0000000e+00
   0.0000000e+00
   0.0000000e+00
   0.0000000e+00
   0.0000000e+00
   0.0000000e+00
   0.0000000e+00
   0.0000000e+00
   0.0000000e+00
   0.0000000e+00
   0.0000000e+00
   0.0000000e+00
   0.0000000e+00
   0.0000000e+00
   0.0000000e+00
   0.0000000e+00
   0.0000000e+00
   0.0000000e+00
   0.0000000e+00
   0.0000000e+00
   0.0000000e+00
   0.0000000e+00
   0.0000000e+00
   0.0000000e+00
   0.0000000e+00
   0.0000000e+00
   0.0000000e+00
   0.0000000e+00
   0.0000000e+00
   0.0000000e+00
   0.0000000e+00
   0.0000000e+00
   0.0000000e+00
   0.0000000e+00
   0.0000000e+00
   0.0000000e+00
   0.0000000e+00
   0.0000000e+00
   0.0000000e+00
   0.0000000e+00
   0.0000000e+00
   0.0000000e+00
   0.0000000e+00
   0.0000000e+00
   0.0000000e+00
   0.0000000e+00
   0.0000000e+00
   0.0000000e+00
   0.0000000e+00
   0.0000000e+00
   0.0000000e+00
   0.0000000e+00
   0.0000000e+00
   0.0000000e+00
