   0.0000000e+00
   0.0000000e+00
   0.0000000e+00
   0.0000000e+00
   0.0000000e+00
   0.0000000e+00
   0.0000000e+00
   0.0000000e+00
   0.0000000e+00
   0.0000000e+00
   0.0000000e+00
   0.0000000e+00
   0.0000000e+00
   0.0000000e+00
   0.0000000e+00
   0.0000000e+00
   3.7700754e-05
   8.1794089e-05
   1.2435816e-04
   1.6530320e-04
   2.0454033e-04
   2.4198197e-04
   2.7754241e-04
   3.1113828e-04
   3.4268916e-04
   3.7211817e-04
   3.9935263e-04
   4.2432477e-04
   4.4697241e-04
   4.6723981e-04
   4.8507838e-04
   5.0044761e-04
   5.1331592e-04
   5.2366154e-04
   5.3147352e-04
   5.3675266e-04
   5.3951253e-04
   5.3978046e-04
   5.3759860e-04
   5.3302495e-04
   5.2613441e-04
   5.1701982e-04
   5.0579299e-04
   4.9258571e-04
   4.7755070e-04
   4.6086262e-04
   4.4271888e-04
   4.2334051e-04
   4.0297290e-04
   3.8188647e-04
   3.6037720e-04
   3.3876709e-04
   3.1740448e-04
   2.9666418e-04
   2.7694752e-04
   2.5868209e-04
   2.4232146e-04
   2.2834450e-04
   2.1725463e-04
   2.0957876e-04
   2.0586594e-04
   2.0668585e-04
   2.1262690e-04
   2.2429410e-04
   2.4230666e-04
   2.6729519e-04
   2.9989873e-04
   3.4076136e-04
   3.9052859e-04
   4.4984337e-04
   5.1934196e-04
   5.9964935e-04
   6.9137459e-04
   7.9510577e-04
   9.1140490e-04
   1.0408025e-03
   1.1837924e-03
   1.3408257e-03
   1.5123055e-03
   1.6985815e-03
   1.8999440e-03
   2.1166186e-03
   2.3487614e-03
   2.5964532e-03
   2.8596955e-03
   3.1384060e-03
   3.4324142e-03
   3.7414587e-03
   4.0651838e-03
   4.4031375e-03
   4.7547701e-03
   5.1194328e-03
   5.4963782e-03
   5.8847610e-03
   6.2836391e-03
   6.6919765e-03
   7.1086467e-03
   7.5324363e-03
   7.9620509e-03
   8.3961204e-03
   8.8332059e-03
   9.2718076e-03
   9.7103725e-03
   1.0147304e-02
   1.0580970e-02
   1.1009716e-02
   1.1431871e-02
   1.1845764e-02
   1.2249728e-02
   1.2642120e-02
   1.3021323e-02
   1.3385762e-02
   1.3733917e-02
   1.4064329e-02
   1.4375610e-02
   1.4666458e-02
   1.4935659e-02
   1.5182103e-02
   1.5404782e-02
   1.5602807e-02
   1.5775406e-02
   1.5921931e-02
   1.6041864e-02
   1.6134817e-02
   1.6200536e-02
   1.6238900e-02
   1.6249921e-02
   1.6233743e-02
   1.6190640e-02
   1.6121014e-02
   1.6025386e-02
   1.5904398e-02
   1.5758802e-02
   1.5589456e-02
   1.5397315e-02
   1.5183425e-02
   1.4948914e-02
   1.4694985e-02
   1.4422905e-02
   1.4133995e-02
   1.3829624e-02
   1.3511196e-02
   1.3180144e-02
   1.2837918e-02
   1.2485974e-02
   1.2125771e-02
   1.1758756e-02
   1.1386358e-02
   1.1009981e-02
   1.0630994e-02
   1.0250725e-02
   9.8704544e-03
   9.4914088e-03
   9.1147552e-03
   8.7415964e-03
   8.3729667e-03
   8.0098282e-03
   7.6530682e-03
   7.3034963e-03
   6.9618435e-03
   6.6287605e-03
   6.3048180e-03
   5.9905066e-03
   5.6862376e-03
   5.3923445e-03
   5.1090850e-03
   4.8366433e-03
   4.5751329e-03
   4.3245999e-03
   4.0850268e-03
   3.8563363e-03
   3.6383953e-03
   3.4310198e-03
   3.2339792e-03
   3.0470014e-03
   2.8697772e-03
   2.7019655e-03
   2.5431983e-03
   2.3930851e-03
   2.2512184e-03
   2.1171777e-03
   1.9905343e-03
   1.8708556e-03
   1.7577092e-03
   1.6506667e-03
   1.5493073e-03
   1.4532212e-03
   1.3620126e-03
   1.2753022e-03
   1.1927297e-03
   1.1139560e-03
   1.0386644e-03
   9.6656269e-04
   8.9738342e-04
   8.3088515e-04
   7.6685268e-04
   7.0509708e-04
   6.4545560e-04
   5.8779116e-04
   5.3199162e-04
   4.7796889e-04
   4.2565769e-04
   3.7501427e-04
   3.2601483e-04
   2.7865391e-04
   2.3294259e-04
   1.8890660e-04
   1.4658438e-04
   1.0602510e-04
   6.7286651e-05
   3.0433578e-05
   0.0000000e+00
   0.0000000e+00
   0.0000000e+00
   0.0000000e+00
   0.0000000e+00
   0.0000000e+00
   0.0000000e+00
   0.0000000e+00
   0.0000000e+00
   0.0000000e+00
   0.0000000e+00
   0.0000000e+00
   0.0000000e+00
   0.0000000e+00
   0.0000000e+00
   0.0000000e+00
   0.0000000e+00
   0.0000000e+00
   0.0000000e+00
   0.0000000e+00
   0.0000000e+00
   0.0000000e+00
   0.0000000e+00
   0.0000000e+00
   0.0000000e+00
   0.0000000e+00
   0.0000000e+00
   0.0000000e+00
   0.0000000e+00
   0.0000000e+00
   0.0000000e+00
   1.2831342e-05
   3.8150200e-05
   6.3488652e-05
   8.8670559e-05
   1.1352228e-04
   1.3787362e-04
   1.6155877e-04
   1.8441718e-04
   2.0629430e-04
   2.2704240e-04
   2.4652119e-04
   2.6459846e-04
   2.8115057e-04
   2.9606297e-04
