   0.0000000e+00
   0.0000000e+00
   0.0000000e+00
   0.0000000e+00
   0.0000000e+00
   0.0000000e+00
   0.0000000e+00
   0.0000000e+00
   0.0000000e+00
   0.0000000e+00
   0.0000000e+00
   0.0000000e+00
   0.0000000e+00
   0.0000000e+00
   0.0000000e+00
   0.0000000e+00
   0.0000000e+00
   0.0000000e+00
   0.0000000e+00
   0.0000000e+00
   0.0000000e+00
   0.0000000e+00
   0.0000000e+00
   0.0000000e+00
   0.0000000e+00
   0.0000000e+00
   0.0000000e+00
   0.0000000e+00
   0.0000000e+00
   0.0000000e+00
   0.0000000e+00
   0.0000000e+00
   0.0000000e+00
   0.0000000e+00
   0.0000000e+00
   0.0000000e+00
   0.0000000e+00
   0.0000000e+00
   0.0000000e+00
   0.0000000e+00
   0.0000000e+00
   0.0000000e+00
   0.0000000e+00
   0.0000000e+00
   0.0000000e+00
   0.0000000e+00
   0.0000000e+00
   0.0000000e+00
   0.0000000e+00
   0.0000000e+00
   0.0000000e+00
   0.0000000e+00
   0.0000000e+00
   0.0000000e+00
   0.0000000e+00
   0.0000000e+00
   0.0000000e+00
   0.0000000e+00
   0.0000000e+00
   0.0000000e+00
   6.4651239e-09
   9.2608160e-04
   2.3694950e-03
   3.4776662e-03
   4.2720822e-03
   4.7753886e-03
   5.0112425e-03
   5.0041510e-03
   4.7792942e-03
   4.3623364e-03
   3.7792252e-03
   3.2247207e-03
   2.6840924e-03
   1.9577238e-03
   1.1674724e-03
   4.3858856e-04
   0.0000000e+00
   0.0000000e+00
   0.0000000e+00
   0.0000000e+00
   0.0000000e+00
   0.0000000e+00
   0.0000000e+00
   0.0000000e+00
   0.0000000e+00
   0.0000000e+00
   0.0000000e+00
   0.0000000e+00
   0.0000000e+00
   0.0000000e+00
   0.0000000e+00
   0.0000000e+00
   0.0000000e+00
   1.6832731e-05
   4.2215099e-05
   6.6816357e-05
   6.2016289e-04
   2.0036171e-03
   3.3985644e-03
   4.7902641e-03
   6.1646622e-03
   7.5086904e-03
   8.8105383e-03
   1.0059892e-02
   1.1248131e-02
   1.2368476e-02
   1.3416088e-02
   1.4388103e-02
   1.5283614e-02
   1.6103582e-02
   1.6850697e-02
   1.7529173e-02
   1.8144489e-02
   1.8703086e-02
   1.9212015e-02
   1.9678569e-02
   2.0109877e-02
   2.0512511e-02
   2.0892081e-02
   2.1252867e-02
   2.1597471e-02
   2.1926534e-02
   2.2238497e-02
   2.2529452e-02
   2.2793065e-02
   2.3020599e-02
   2.3201024e-02
   2.3321239e-02
   2.3366381e-02
   2.3320235e-02
   2.3165728e-02
   2.2885497e-02
   2.2462524e-02
   2.1880813e-02
   2.1126087e-02
   2.0186497e-02
   1.9053309e-02
   1.7721546e-02
   1.6190565e-02
   1.4464550e-02
   1.2552887e-02
   1.0470416e-02
   8.2375372e-03
   5.8801574e-03
   3.4294749e-03
   9.2159168e-04
   0.0000000e+00
   0.0000000e+00
   0.0000000e+00
   0.0000000e+00
   0.0000000e+00
   0.0000000e+00
   0.0000000e+00
   0.0000000e+00
   0.0000000e+00
   0.0000000e+00
   0.0000000e+00
   0.0000000e+00
   0.0000000e+00
   0.0000000e+00
   0.0000000e+00
   0.0000000e+00
   0.0000000e+00
   0.0000000e+00
   0.0000000e+00
   0.0000000e+00
   1.9496541e-03
   5.1323949e-03
   8.2274777e-03
   1.1125130e-02
   1.3708391e-02
   1.5854437e-02
   1.7436004e-02
   1.8322896e-02
   1.8383525e-02
   1.7486494e-02
   1.5502167e-02
   1.2304219e-02
   7.7711489e-03
   1.7877226e-03
   0.0000000e+00
   0.0000000e+00
   0.0000000e+00
   0.0000000e+00
   0.0000000e+00
   0.0000000e+00
   0.0000000e+00
   0.0000000e+00
   0.0000000e+00
   0.0000000e+00
   0.0000000e+00
   0.0000000e+00
   0.0000000e+00
   0.0000000e+00
   0.0000000e+00
   0.0000000e+00
   0.0000000e+00
   0.0000000e+00
   0.0000000e+00
   0.0000000e+00
   0.0000000e+00
   0.0000000e+00
   0.0000000e+00
   0.0000000e+00
   0.0000000e+00
   0.0000000e+00
   0.0000000e+00
   0.0000000e+00
   0.0000000e+00
   0.0000000e+00
   0.0000000e+00
   0.0000000e+00
   0.0000000e+00
   0.0000000e+00
   0.0000000e+00
   0.0000000e+00
   0.0000000e+00
   0.0000000e+00
   0.0000000e+00
   0.0000000e+00
   0.0000000e+00
   0.0000000e+00
   0.0000000e+00
   0.0000000e+00
   0.0000000e+00
   0.0000000e+00
   0.0000000e+00
   0.0000000e+00
   0.0000000e+00
   0.0000000e+00
   0.0000000e+00
   0.0000000e+00
   0.0000000e+00
   0.0000000e+00
   0.0000000e+00
   0.0000000e+00
   0.0000000e+00
   0.0000000e+00
   0.0000000e+00
   0.0000000e+00
   0.0000000e+00
   0.0000000e+00
   0.0000000e+00
   0.0000000e+00
   0.0000000e+00
   0.0000000e+00
   0.0000000e+00
   0.0000000e+00
   0.0000000e+00
   0.0000000e+00
   0.0000000e+00
   0.0000000e+00
   0.0000000e+00
   0.0000000e+00
   0.0000000e+00
   1.3060898e-04
