   8.5018797e-02
   7.9180195e-02
   7.3354238e-02
   6.7547448e-02
   6.1766635e-02
   5.6018895e-02
   5.0311611e-02
   4.4652449e-02
   3.9049356e-02
   3.3510549e-02
   2.8044514e-02
   2.2659996e-02
   1.7365986e-02
   1.2171709e-02
   7.0866128e-03
   2.1203472e-03
   0.0000000e+00
   0.0000000e+00
   0.0000000e+00
   0.0000000e+00
   0.0000000e+00
   0.0000000e+00
   0.0000000e+00
   0.0000000e+00
   0.0000000e+00
   0.0000000e+00
   0.0000000e+00
   0.0000000e+00
   0.0000000e+00
   0.0000000e+00
   0.0000000e+00
   0.0000000e+00
   0.0000000e+00
   0.0000000e+00
   0.0000000e+00
   0.0000000e+00
   0.0000000e+00
   0.0000000e+00
   0.0000000e+00
   0.0000000e+00
   0.0000000e+00
   0.0000000e+00
   0.0000000e+00
   0.0000000e+00
   0.0000000e+00
   0.0000000e+00
   0.0000000e+00
   0.0000000e+00
   0.0000000e+00
   0.0000000e+00
   0.0000000e+00
   0.0000000e+00
   0.0000000e+00
   0.0000000e+00
   0.0000000e+00
   0.0000000e+00
   1.4348462e-03
   6.6623040e-03
   1.1957577e-02
   1.7289479e-02
   2.2625218e-02
   2.7930524e-02
   3.3169785e-02
   3.8306211e-02
   4.3302028e-02
   4.8118678e-02
   5.2717063e-02
   5.7057797e-02
   6.1101487e-02
   6.4809037e-02
   6.8141969e-02
   7.1062772e-02
   7.3535260e-02
   7.5524948e-02
   7.6999452e-02
   7.7928881e-02
   7.8286258e-02
   7.8047923e-02
   7.7193955e-02
   7.5708578e-02
   7.3580562e-02
   7.0803609e-02
   6.7376719e-02
   6.3304535e-02
   5.8597651e-02
   5.3272893e-02
   4.7353552e-02
   4.0869570e-02
   3.3857681e-02
   2.6361490e-02
   1.8431487e-02
   1.0125004e-02
   1.5060974e-03
   0.0000000e+00
   0.0000000e+00
   0.0000000e+00
   0.0000000e+00
   0.0000000e+00
   0.0000000e+00
   0.0000000e+00
   0.0000000e+00
   0.0000000e+00
   0.0000000e+00
   0.0000000e+00
   0.0000000e+00
   0.0000000e+00
   0.0000000e+00
   0.0000000e+00
   0.0000000e+00
   0.0000000e+00
   0.0000000e+00
   0.0000000e+00
   0.0000000e+00
   0.0000000e+00
   0.0000000e+00
   0.0000000e+00
   0.0000000e+00
   0.0000000e+00
   0.0000000e+00
   0.0000000e+00
   5.2978284e-03
   2.5962315e-02
   4.8333196e-02
   7.2353782e-02
   9.7954497e-02
   1.2505314e-01
   1.5355526e-01
   1.8335463e-01
   2.1433387e-01
   2.4636505e-01
   2.7931053e-01
   3.1302380e-01
   3.4735036e-01
   3.8212880e-01
   4.1719178e-01
   4.5236718e-01
   4.8747925e-01
   5.2234977e-01
   5.5679928e-01
   5.9064825e-01
   6.2371834e-01
   6.5583361e-01
   6.8682166e-01
   7.1651487e-01
   7.4475147e-01
   7.7137666e-01
   7.9624366e-01
   8.1921466e-01
   8.4016176e-01
   8.5896779e-01
   8.7552710e-01
   8.8974625e-01
   9.0154457e-01
   9.1085470e-01
   9.1762300e-01
   9.2180988e-01
   9.2339000e-01
   9.2235242e-01
   9.1870060e-01
   9.1245237e-01
   9.0363975e-01
   8.9230869e-01
   8.7851873e-01
   8.6234258e-01
   8.4386558e-01
   8.2318512e-01
   8.0040997e-01
   7.7565956e-01
   7.4906314e-01
   7.2075898e-01
   6.9089341e-01
   6.5961991e-01
   6.2709811e-01
   5.9349277e-01
   5.5897276e-01
   5.2371000e-01
   4.8787839e-01
   4.5165278e-01
   4.1520788e-01
   3.7871725e-01
   3.4235226e-01
   3.0628111e-01
   2.7066786e-01
   2.3567151e-01
   2.0144515e-01
   1.6813505e-01
   1.3587998e-01
   1.0481043e-01
   7.5047962e-02
   4.6704643e-02
   1.9882485e-02
   0.0000000e+00
   0.0000000e+00
   0.0000000e+00
   0.0000000e+00
   0.0000000e+00
   0.0000000e+00
   0.0000000e+00
   0.0000000e+00
   0.0000000e+00
   0.0000000e+00
   0.0000000e+00
   0.0000000e+00
   0.0000000e+00
   0.0000000e+00
   0.0000000e+00
   0.0000000e+00
   0.0000000e+00
   0.0000000e+00
   0.0000000e+00
   0.0000000e+00
   0.0000000e+00
   0.0000000e+00
   0.0000000e+00
   0.0000000e+00
   0.0000000e+00
   0.0000000e+00
   0.0000000e+00
   0.0000000e+00
   0.0000000e+00
   0.0000000e+00
   0.0000000e+00
   1.1594136e-02
   2.4895075e-02
   3.7728385e-02
   4.9976834e-02
   6.1527302e-02
   7.2271264e-02
   8.2105229e-02
   9.0931143e-02
   9.8656748e-02
   1.0519590e-01
   1.1046884e-01
   1.1440244e-01
   1.1693038e-01
   1.1799330e-01
   1.1753892e-01
   1.1552210e-01
   1.1190485e-01
   1.0665634e-01
   9.9752864e-02
   9.1177723e-02
   8.0921140e-02
   6.8980105e-02
   5.5358198e-02
   4.0065389e-02
   2.3117814e-02
   4.5375237e-03
   0.0000000e+00
   0.0000000e+00
   0.0000000e+00
   0.0000000e+00
   0.0000000e+00
   0.0000000e+00
   0.0000000e+00
   0.0000000e+00
