   0.0000000e+00
   0.0000000e+00
   0.0000000e+00
   0.0000000e+00
   0.0000000e+00
   0.0000000e+00
   0.0000000e+00
   0.0000000e+00
   0.0000000e+00
   0.0000000e+00
   0.0000000e+00
   0.0000000e+00
   1.7046022e-08
   2.4007665e-08
   3.3519065e-08
   4.6422826e-08
   6.3812468e-08
   8.7098953e-08
   1.1809239e-07
   1.5910173e-07
   2.1305555e-07
   2.8364708e-07
   3.7550741e-07
   4.9441000e-07
   6.4751071e-07
   8.4362645e-07
   1.0935561e-06
   1.4104451e-06
   1.8101973e-06
   2.3119314e-06
   2.9384836e-06
   3.7169498e-06
   4.6792650e-06
   5.8628057e-06
   7.3110081e-06
   9.0739825e-06
   1.1209108e-05
   1.3781580e-05
   1.6864888e-05
   2.0541199e-05
   2.4901607e-05
   3.0046232e-05
   3.6084130e-05
   4.3133000e-05
   5.1318660e-05
   6.0774289e-05
   7.1639455e-05
   8.4058872e-05
   9.8181031e-05
   1.1415663e-04
   1.3213691e-04
   1.5227203e-04
   1.7470940e-04
   1.9959224e-04
   2.2705840e-04
   2.5723943e-04
   2.9026025e-04
   3.2623914e-04
   3.6528858e-04
   4.0751647e-04
   4.5302825e-04
   5.0192958e-04
   5.5432968e-04
   6.1034528e-04
   6.7010521e-04
   7.3375528e-04
   8.0146349e-04
   8.7342559e-04
   9.4987055e-04
   1.0310661e-03
   1.1173238e-03
   1.2090042e-03
   1.3065207e-03
   1.4103440e-03
   1.5210038e-03
   1.6390916e-03
   1.7652601e-03
   1.9002231e-03
   2.0447518e-03
   2.1996696e-03
   2.3658450e-03
   2.5441808e-03
   2.7356001e-03
   2.9410288e-03
   3.1613744e-03
   3.3974997e-03
   3.6501934e-03
   3.9201359e-03
   4.2078608e-03
   4.5137154e-03
   4.8378176e-03
   5.1800135e-03
   5.5398378e-03
   5.9164776e-03
   6.3087441e-03
   6.7150552e-03
   7.1334302e-03
   7.5615015e-03
   7.9965441e-03
   8.4355232e-03
   8.8751628e-03
   9.3120301e-03
   9.7426360e-03
   1.0163546e-02
   1.0571497e-02
   1.0963511e-02
   1.1337006e-02
   1.1689889e-02
   1.2020626e-02
   1.2328299e-02
   1.2612623e-02
   1.2873942e-02
   1.3113191e-02
   1.3331838e-02
   1.3531802e-02
   1.3715350e-02
   1.3884980e-02
   1.4043310e-02
   1.4192945e-02
   1.4336361e-02
   1.4475786e-02
   1.4613094e-02
   1.4749708e-02
   1.4886510e-02
   1.5023776e-02
   1.5161116e-02
   1.5297442e-02
   1.5430945e-02
   1.5559109e-02
   1.5678737e-02
   1.5786025e-02
   1.5876648e-02
   1.5945898e-02
   1.5988846e-02
   1.6000529e-02
   1.5976169e-02
   1.5911408e-02
   1.5802530e-02
   1.5646687e-02
   1.5442089e-02
   1.5188148e-02
   1.4885572e-02
   1.4536388e-02
   1.4143897e-02
   1.3712561e-02
   1.3247822e-02
   1.2755882e-02
   1.2243438e-02
   1.1717409e-02
   1.1184672e-02
   1.0651807e-02
   1.0124889e-02
   9.6093206e-03
   9.1097100e-03
   8.6298081e-03
   8.1724849e-03
   7.7397485e-03
   7.3327952e-03
   6.9520839e-03
   6.5974236e-03
   6.2680679e-03
   5.9628126e-03
   5.6800850e-03
   5.4180341e-03
   5.1746064e-03
   4.9476182e-03
   4.7348197e-03
   4.5339528e-03
   4.3428046e-03
   4.1592566e-03
   3.9813317e-03
   3.8072381e-03
   3.6354086e-03
   3.4645375e-03
   3.2936092e-03
   3.1219207e-03
   2.9490936e-03
   2.7750741e-03
   2.6001212e-03
   2.4247817e-03
   2.2498523e-03
   2.0763314e-03
   1.9053622e-03
   1.7381701e-03
   1.5759991e-03
   1.4200501e-03
   1.2714252e-03
   1.1310802e-03
   9.9978909e-04
   8.7812007e-04
   7.6642495e-04
   6.6484020e-04
   5.7329876e-04
   4.9155068e-04
   4.1918965e-04
   3.5568389e-04
   3.0040805e-04
   2.5267496e-04
   2.1176484e-04
   1.7695124e-04
   1.4752271e-04
   1.2279990e-04
   1.0214813e-04
   8.4985793e-05
   7.0788892e-05
   5.9092591e-05
   4.9490187e-05
   4.1630292e-05
   3.5212739e-05
   2.9983734e-05
   2.5730668e-05
   2.2276894e-05
   1.9476718e-05
   1.7210730e-05
   1.5381588e-05
   1.3910288e-05
   1.2732910e-05
   1.1797834e-05
   1.1063385e-05
   1.0495848e-05
   1.0067824e-05
   9.7568656e-06
   9.5443614e-06
   9.4146199e-06
   9.3541359e-06
   9.3510048e-06
   9.3944725e-06
   9.4745996e-06
   9.5820321e-06
   9.7078650e-06
   9.8435887e-06
   9.9811048e-06
   1.0112800e-05
   1.0231658e-05
   1.0331401e-05
   1.0406628e-05
   1.0452951e-05
   1.0467097e-05
   1.0446976e-05
   1.0391693e-05
   1.0301522e-05
   1.0177815e-05
   1.0022878e-05
   9.8398074e-06
   9.6323065e-06
   9.4044907e-06
   9.1606949e-06
   8.9052958e-06
   8.6425536e-06
   8.3764832e-06
   8.1107543e-06
   7.8486233e-06
   7.5928928e-06
   7.3458982e-06
   7.1095151e-06
   6.8851828e-06
