-5.193888662983536987e-05
-5.150406247867529621e-05
-5.106118412747700288e-05
-5.061019328345667511e-05
-5.015107107430313518e-05
-4.968377605988326553e-05
-4.920829383251905327e-05
-4.872459646926983925e-05
-4.823268474883489921e-05
-4.773255064714303209e-05
-4.722420579938287294e-05
-4.670767040624444657e-05
-4.618295263148742641e-05
-4.565010654616933293e-05
-4.510917165542611794e-05
-4.456019730546352580e-05
-4.400325243193142885e-05
-4.343841345547971888e-05
-4.286577029699788303e-05
-4.228542820188170727e-05
-4.169749469880780111e-05
-4.110209766225702546e-05
-4.049937812809316769e-05
-3.988949820015095068e-05
-3.927260930525048634e-05
-3.864890174528893321e-05
-3.801857480043001889e-05
-3.738183771536176674e-05
-3.673891495274858815e-05
-3.609005678497770916e-05
-3.543551433167103242e-05
-3.477556074832843184e-05
-3.411050142368118513e-05
-3.344062825528708674e-05
-3.276627427014361534e-05
-3.208776756085408166e-05
-3.140547884410361856e-05
-3.071976639237815728e-05
-3.003103470551287858e-05
-2.933967325670427405e-05
-2.864610970183722048e-05
-2.795077493698820437e-05
-2.725412180594706318e-05
-2.655660864805371461e-05
-2.585872017211296981e-05
-2.516094434900002604e-05
-2.446378868751122380e-05
-2.376775819816444370e-05
-2.307338634060739804e-05
-2.238120614921764541e-05
-2.169175701431693402e-05
-2.100560271833135930e-05
-2.032328911636357597e-05
-1.964538434962108507e-05
-1.897244557293940227e-05
-1.830504582116836745e-05
-1.764375379343802863e-05
-1.698911987549890060e-05
-1.634170884904406263e-05
-1.570205819612125822e-05
-1.507069833453497041e-05
-1.444814617390655595e-05
-1.383486732600247815e-05
-1.323129191042448160e-05
-1.263777576719628487e-05
-1.205458011237357078e-05
-1.148179929955224602e-05
-1.091929059215078073e-05
-1.036654214090668837e-05
-9.822453644435079700e-06
-9.285040285141762354e-06
-8.750883974379725753e-06
-8.214347501984239268e-06
-7.666305063766676653e-06
-7.092221625415738627e-06
-6.469082945437555937e-06
-5.760830918819198278e-06
-4.911348699969348357e-06
-3.833978427228098179e-06
-2.395998018210016550e-06
-3.959529586933802493e-07
2.468978489092409807e-06
6.649060629015398862e-06
1.280591542774520924e-05
2.189922709822120789e-05
3.530160617943176379e-05
5.494661242224575435e-05
8.351376848037515843e-05
1.246516378367363729e-04
1.832356646280711013e-04
2.656508456481954366e-04
3.800815054730881317e-04
5.367803034697707365e-04
7.482791438652935077e-04
1.029497386811505663e-03
1.397697152375599380e-03
1.872240822794716533e-03
2.474112077357630817e-03
3.225186838032439995e-03
4.147265776624628128e-03
5.260910433189572473e-03
6.584172858032602549e-03
8.131316316117026197e-03
9.911669702629676351e-03
1.192873960959539917e-02
1.417970029415168906e-02
1.665534587919101361e-02
1.934054028070262068e-02
2.221515389214003336e-02
2.525541632833933070e-02
2.843558350293332038e-02
3.172976237033094116e-02
3.511380051494732840e-02
3.856702245075856184e-02
4.207383406614501054e-02
4.562496698522126165e-02
4.921848643661582562e-02
5.286044569783442809e-02
5.656532407386109101e-02
6.035622732743031738e-02
6.426500834749974966e-02
6.833233910102869124e-02
7.260784272452534827e-02
7.715033955829983525e-02
8.202829017781279597e-02
8.732052927939377984e-02
9.311722044948717025e-02
9.952118660122862004e-02
1.066495928127610821e-01
1.146359343047895218e-01
1.236324376610044851e-01
1.338126935772928905e-01
1.453747146215417230e-01
1.585439117162239786e-01
1.735763782850948678e-01
1.907617747395507490e-01
2.104258132599795550e-01
2.329316376177346104e-01
2.586798160563067439e-01
2.881058679667480860e-01
3.216743782240019667e-01
3.598687973550256936e-01
4.031750519580209469e-01
4.520579911347600288e-01
5.069286698815380632e-01
5.681019850578232777e-01
6.357432791246678816e-01
7.098045693792686128e-01
7.899528254681309480e-01
8.754928217884021535e-01
9.652927345289032957e-01
1.057720271690943958e+00
1.150601432260125012e+00
1.241216095601195502e+00
1.326344273107265215e+00
1.402373762959153281e+00
1.465478296914256351e+00
1.511863265215139807e+00
1.538067522235169182e+00
1.541295563373058730e+00
1.519744454984944815e+00
1.472879535004360418e+00
1.401612677813065089e+00
1.308344313008094506e+00
1.196845519321803275e+00
1.071981311212004240e+00
9.393015800959687578e-01
8.045522273829511795e-01
6.731726552624842652e-01
5.498503224371885656e-01
4.381912321086393614e-01
3.405444401500491991e-01
2.579883260435399950e-01
1.904602184342096827e-01
1.369890018514388630e-01
9.598018591780857478e-02
6.550392590035677975e-02
4.354685414169319480e-02
2.820341661227365737e-02
1.779882850639363107e-02
1.094842132601951679e-02
6.566625836183529949e-03
3.841985542042725393e-03
2.193865969520251979e-03
1.223318039138332263e-03
6.664560422973107856e-04
3.548797219406115149e-04
1.847069883361642417e-04
9.388293258470961785e-05
4.645161634634230368e-05
2.217288356682107120e-05
9.960899703431521867e-06
3.898877248170863174e-06
9.050086366297894351e-07
-5.894749438083865208e-07
-1.366130860274276323e-06
-1.806581365077584244e-06
-2.093695349614694275e-06
-2.313575659631507608e-06
-2.506087865612299736e-06
-2.689389307709065148e-06
-2.871590938612671757e-06
-3.056227301887640866e-06
-3.244762284155590873e-06
-3.437740534237015491e-06
-3.635288225605710835e-06
-3.837352151973403124e-06
-4.043783959815723305e-06
-4.254399034816306796e-06
-4.468991874882688659e-06
-4.687334385636154464e-06
-4.909196728892153051e-06
-5.134332653559454131e-06
-5.362496067926136649e-06
-5.593428013272099558e-06
-5.826869134348886213e-06
-6.062548626369291091e-06
-6.300193756510111249e-06
-6.539530119685539673e-06
-6.780274147741887822e-06
-7.022143102596008740e-06
-7.264846392567093675e-06
-7.508097754837622686e-06
-7.751601823779737850e-06
-7.995067811151420828e-06
-8.238197992656408691e-06
-8.480706042847642459e-06
-8.722293004884525952e-06
-8.962670332650081825e-06
-9.201547943508070552e-06
-9.438642797699164566e-06
-9.673670998544810169e-06
-9.906357384217598662e-06
-1.013643232563688608e-05
-1.036363216890190288e-05
-1.058770145757760105e-05
-1.080839481889604246e-05
-1.102547564836265155e-05
-1.123871774442855596e-05
-1.144790635582819111e-05
-1.165283994495767377e-05
-1.185332996443843393e-05
-1.204920107428498345e-05
-1.224029257241536896e-05
-1.242645754002820967e-05
-1.260756565757132503e-05
-1.278350131421033436e-05
-1.295416438287284137e-05
-1.311947145715277132e-05
-1.327935417752223009e-05
-1.343375887498278324e-05
-1.358264914096753116e-05
-1.372600251411458659e-05
-1.386381088572523441e-05
-1.399608202698142356e-05
-1.412283404911101878e-05
