0.000000000000000000e+00
1.087766956251911199e-04
4.351067825007644795e-04
9.789902606267199704e-04
1.740427130003057918e-03
2.719417390629778539e-03
3.915961042506879881e-03
5.330058085634364548e-03
6.961708520012231671e-03
8.810912345640480384e-03
1.087766956251911415e-02
1.316198017064812431e-02
1.566384417002751953e-02
1.838326156065729980e-02
2.132023234253745819e-02
2.447475651566800164e-02
2.784683408004892669e-02
3.143646503568023332e-02
3.524364938256192153e-02
3.926838712069399134e-02
4.351067825007645662e-02
4.797052277070928267e-02
5.264792068259249724e-02
5.754287198572608647e-02
6.265537668011007810e-02
6.798543476574446520e-02
7.353304624262919920e-02
7.929821111076432172e-02
8.528092937014983277e-02
9.148120102078570459e-02
9.789902606267200658e-02
1.045344044958086693e-01
1.113873363201957067e-01
1.184578215358331049e-01
1.257458601427209333e-01
1.332514521408591224e-01
1.409745975302476861e-01
1.489152963108866523e-01
1.570735484827759654e-01
1.654493540459156808e-01
1.740427130003058265e-01
1.828536253459462635e-01
1.918820910828371307e-01
2.011281102109783725e-01
2.105916827303699890e-01
2.202728086410119801e-01
2.301714879429043459e-01
2.402877206360471141e-01
2.506215067204403124e-01
2.611728461960838854e-01
2.719417390629778608e-01
2.829281853211221276e-01
2.941321849705167968e-01
3.055537380111618129e-01
3.171928444430572869e-01
3.290495042662031078e-01
3.411237174805993311e-01
3.534154840862459013e-01
3.659248040831428184e-01
3.786516774712903599e-01
3.915961042506880263e-01
4.047580844213362061e-01
4.181376179832346773e-01
4.317347049363835509e-01
