1.510150580877043701e-08
1.496821904789743256e-08
1.483034248582470455e-08
1.469498224532675746e-08
1.455199354312254805e-08
1.441493706863800807e-08
1.427070604854165971e-08
1.412454152488899627e-08
1.397191050644586835e-08
1.382206269432833994e-08
1.366813175891836045e-08
1.351746560256962572e-08
1.335202371339808955e-08
1.319228338313308515e-08
1.302755344162288884e-08
1.286165796825734415e-08
1.269101487709100371e-08
1.252520996566015812e-08
1.235207229292916442e-08
1.217449662294084331e-08
1.199700499625268630e-08
1.181717199436903360e-08
1.163672157153422614e-08
1.145373659581271573e-08
1.127279931987286199e-08
1.108333695576022581e-08
1.088662458994984614e-08
1.070413572196344488e-08
1.050582042592137596e-08
1.031343736172197387e-08
1.011978694071390968e-08
9.921297263962424522e-09
9.720838574075505794e-09
9.522615946257440648e-09
9.330043599973967470e-09
9.126834586790762544e-09
8.932903012721391132e-09
8.743647745648412694e-09
8.563957730036869804e-09
8.379107051597706301e-09
8.218514152047562010e-09
8.086705359812409597e-09
7.995967750837622685e-09
7.968329471572344865e-09
8.035536293935796039e-09
8.260981866712155589e-09
8.727947965290079180e-09
9.579399719152276172e-09
1.101852672098569351e-08
1.337094283301552718e-08
1.714806426892593268e-08
2.312761051433700899e-08
3.250711292561927161e-08
4.711993812616706081e-08
6.974946386409500663e-08
1.046131478637553916e-07
1.580670677856382920e-07
2.396365438106250362e-07
3.634441249517179163e-07
5.503754425714355497e-07
8.309696216594660613e-07
1.249576276844826202e-06
1.869995483922664217e-06
2.783116610005027552e-06
4.117069985755545559e-06
6.050529806502192117e-06
8.829769824936573174e-06
1.279000799827717030e-05
1.838167219502984494e-05
2.620160432550889095e-05
3.702928691813463745e-05
5.186702446671372644e-05
7.198298625420133001e-05
9.895416565880927652e-05
1.347064114536228622e-04
1.815461680183114352e-04
2.421792871277342405e-04
3.197109589311848514e-04
4.176193063974724309e-04
5.397000597396611884e-04
6.899754009793826253e-04
8.725688158763252652e-04
1.091545754287281261e-03
1.350728298918660482e-03
1.653487053960041872e-03
2.002538117169488843e-03
2.399748292406697972e-03
2.845958805050616876e-03
3.340880852990403202e-03
3.883030469781157540e-03
4.469735927456968717e-03
5.097236576347721933e-03
5.760841051710372147e-03
6.455145870943888864e-03
7.174324681300759884e-03
7.912418599134156405e-03
8.663682021993199603e-03
9.422870706228261492e-03
1.018554059930034186e-02
1.094830934070531621e-02
1.170902141153203242e-02
1.246694552729590497e-02
1.322282729329205507e-02
1.397897036365506468e-02
1.473925063392870355e-02
1.550911223826396956e-02
1.629555895825781850e-02
1.710714058370201365e-02
1.795397106110635868e-02
1.884776628488056896e-02
1.980194183570760033e-02
2.083170231854420199e-02
2.195430717863956424e-02
2.318922790222423258e-02
2.455862664435297035e-02
2.608765974121453335e-02
2.780510001162064121e-02
2.974390819184402970e-02
3.194205099709080536e-02
3.444333325372940513e-02
3.729847758694476018e-02
4.056632154098190057e-02
4.431520581943477338e-02
4.862451293823346482e-02
5.358638408562079597e-02
5.930776004801241452e-02
6.591235389572278058e-02
7.354290338182671583e-02
8.236352399202431784e-02
9.256185038636888240e-02
1.043512480184137503e-01
1.179723050199095735e-01
1.336943672437928277e-01
1.518150224534264847e-01
1.726594583354693624e-01
1.965770833343438440e-01
2.239362862185551584e-01
2.551154880131217828e-01
2.904914775029134866e-01
3.304229849940480412e-01
3.752291984838846406e-01
4.251646645243675748e-01
4.803879109085990029e-01
5.409272791559824878e-01
6.066421017775016633e-01
6.771853674323018435e-01
7.519662262189110713e-01
8.301175916386206444e-01
9.104763202940611144e-01
9.915723674081359240e-01
1.071641647988229584e+00
1.148658842050578555e+00
1.220393845232151442e+00
1.284496498400600872e+00
1.338606763861419191e+00
1.380478017266178581e+00
1.408117865487838793e+00
1.419926820321417926e+00
1.414826857651270586e+00
1.392362970374689590e+00
1.352771612559742209e+00
1.297000928673381459e+00
1.226678718934861800e+00
1.144031331025267217e+00
1.051754533308641326e+00
9.528504468216578704e-01
8.504427085026307065e-01
7.475901018366956086e-01
6.471139349525367734e-01
5.514549990519966860e-01
4.625697755252205501e-01
3.818749303431856479e-01
3.102370050750723474e-01
2.480042502359164069e-01
1.950722339568042030e-01
1.509709071183780726e-01
1.149623282259077395e-01
8.613872660033972117e-02
6.351115233430307261e-02
4.608403115407775502e-02
3.291182058713120612e-02
2.313756443357317671e-02
1.601483305405750068e-02
1.091568249481032413e-02
7.328216671509095101e-03
4.846955924208093749e-03
3.159202019538203364e-03
2.029764075539377145e-03
1.285888924664465877e-03
8.035065750163966408e-04
4.953905382179606088e-04
3.014596214961804896e-04
1.811299966684134155e-04
1.074961472052846258e-04
6.303801660680278108e-05
3.654174929207559851e-05
2.094722337573363190e-05
1.187927753063637028e-05
6.667437012109473827e-06
3.705215064971531672e-06
2.039564936412908437e-06
1.112543769615037606e-06
6.016506548486961304e-07
3.227157426676234610e-07
1.717773356008053013e-07
9.079034011956225759e-08
4.768510242700225170e-08
2.491727468478490989e-08
1.297687622153272522e-08
6.760036197308510400e-09
3.543583387701039965e-09
1.891025532939028526e-09
1.047924845520012686e-09
6.223224619344743342e-10
4.067570476310882533e-10
3.031059625053380094e-10
2.520843931899739375e-10
2.282498291964924490e-10
2.207614611931511244e-10
2.188497428342280544e-10
2.202985079514263996e-10
2.245387798055223168e-10
2.276251925992269646e-10
2.338587646850932054e-10
2.381513656620338280e-10
2.422296134045377995e-10
2.471779107448343319e-10
2.514944306001811726e-10
2.561483750096053645e-10
2.604612656478354461e-10
2.647167763968129038e-10
2.688232725953331933e-10
2.730815119724604134e-10
2.769037097426082033e-10
2.809690649154412906e-10
2.851878921973149629e-10
2.886386828177330722e-10
2.924984051415686545e-10
2.957577618684596796e-10
2.990213245742424106e-10
3.019618082961138768e-10
3.052484452215477189e-10
3.082498065580029094e-10
3.104636541060511034e-10
3.130882689776439485e-10
3.154832475373912743e-10
3.178194434422396187e-10
3.204454061746495315e-10
3.222612708037778152e-10
3.237516131132431073e-10
3.255101363907993833e-10
3.271917098375160866e-10
3.286890411260819064e-10
3.300133054423173271e-10
3.309248575044948047e-10
3.321210759785219065e-10
