3.479141230312458077e+01
3.447594281199381072e+01
3.380638906190851856e+01
3.251732135945503899e+01
3.086321497128581370e+01
2.893973505316811412e+01
2.670256575948147315e+01
2.424480566013949812e+01
2.177842008523089490e+01
1.920749276117422966e+01
1.689959909744728961e+01
1.459174339143238264e+01
1.245440682931375953e+01
1.040997653411130131e+01
8.738081098379741007e+00
7.233562967202144200e+00
5.940376362744852479e+00
4.825804011691423590e+00
3.930869019385564211e+00
3.060374142716395074e+00
2.475829509682273777e+00
1.947964351354591006e+00
1.565548994361163571e+00
1.249022807966073456e+00
1.014324635129547625e+00
7.456371127144362232e-01
6.227717869051119237e-01
4.082601123026289858e-01
3.647698085707524185e-01
3.292918313118884388e-01
2.169183925502897736e-01
1.940394160087123010e-01
1.806528854615807866e-01
1.506166255189012593e-01
1.206389447714771995e-01
6.768182320347401748e-02
6.148586077123483623e-02
3.421014207735929846e-02
6.540687407341945481e-02
1.118941058480918405e-01
2.551988438058604147e-02
-1.508148471978599386e-03
1.571893826460433671e-02
-6.066563575232394867e-02
1.774185585388916159e-02
-2.395945937135960518e-02
9.803481417881062393e-04
5.178007571026442372e-03
2.986072374708458738e-02
1.032155183778701510e-02
3.148182120533691425e-02
-4.851800584100281893e-02
-4.737027146415785650e-02
-2.423955719160957555e-03
-1.821489897582840092e-02
-4.364361153626316291e-03
1.282987910570293315e-02
-8.308392135208533336e-04
1.998773844704977709e-02
5.399407882096471378e-02
-3.369033415357949868e-02
-2.300390016192040577e-03
1.082209451499069504e-02
-7.164000488017319493e-03
