1.000000000000000000e+00
1.027459485446180265e+00
1.055672994233329387e+00
1.084661231454404851e+00
1.114445470753562928e+00
1.145047569938281828e+00
1.176489987020185923e+00
1.208795796696343405e+00
1.241988707283130378e+00
1.276093078115091650e+00
1.311133937421564255e+00
1.347137000694184517e+00
1.384128689558757452e+00
1.422136151165336537e+00
1.461187278110747556e+00
1.501310728908173298e+00
1.542535949018821517e+00
1.584893192461113376e+00
1.628413544013249448e+00
1.673128942025443822e+00
1.719072201858574456e+00
1.766277039966442697e+00
1.814778098639323600e+00
1.864610971426956310e+00
1.915812229259642896e+00
1.968419447286611890e+00
2.022471232451356737e+00
2.078007251824172563e+00
2.135068261712695481e+00
2.193696137571796267e+00
2.253933904734790605e+00
2.315825769988507421e+00
2.379417154015396108e+00
2.444754724726473594e+00
2.511886431509580131e+00
2.580861540418074807e+00
2.651730670325791017e+00
2.724545830074791564e+00
2.799360456643181116e+00
2.876229454360986537e+00
2.955209235202887363e+00
3.036357760187358146e+00
3.119734581912618765e+00
3.205400888260593106e+00
3.293419547300958428e+00
3.383855153428233731e+00
3.476774074765778266e+00
3.572244501871465250e+00
3.670336497780802176e+00
3.771122049424198153e+00
3.874675120456130717e+00
3.981071705534972693e+00
4.090389886093309890e+00
4.202709887639691111e+00
4.318114138633850629e+00
4.436687330978611676e+00
4.558516482172870532e+00
4.683690999171268743e+00
4.812302743997417309e+00
4.944446101158828100e+00
5.080218046913020480e+00
5.219718220435650480e+00
5.363048996942864299e+00
5.510315562821568314e+00
5.661625992822727049e+00
5.817091329374357578e+00
5.976825664072414668e+00
6.140946221409366856e+00
6.309573444801931608e+00
6.482831084981074632e+00
6.660846290809158354e+00
6.843749702590875117e+00
7.031675547946468541e+00
7.224761740317564573e+00
7.423149980177935703e+00
7.626985859023443837e+00
7.836418966217519433e+00
8.051602998770539088e+00
8.272695874133699334e+00
8.499859846090146220e+00
8.733261623828433073e+00
8.973072494285633027e+00
9.219468447849989090e+00
9.472630307515242265e+00
9.732743861581502287e+00
9.999999999999998224e+00
1.027459485446179777e+01
1.055672994233329476e+01
1.084661231454404806e+01
1.114445470753562795e+01
1.145047569938281740e+01
1.176489987020185879e+01
1.208795796696343139e+01
1.241988707283130111e+01
1.276093078115091295e+01
1.311133937421564255e+01
1.347137000694184650e+01
1.384128689558757230e+01
1.422136151165336315e+01
1.461187278110747378e+01
1.501310728908173076e+01
1.542535949018821029e+01
1.584893192461113642e+01
1.628413544013249492e+01
1.673128942025443777e+01
1.719072201858574189e+01
1.766277039966442430e+01
1.814778098639322934e+01
1.864610971426955999e+01
1.915812229259642052e+01
1.968419447286612112e+01
2.022471232451356826e+01
2.078007251824172741e+01
2.135068261712695303e+01
2.193696137571796001e+01
2.253933904734790161e+01
2.315825769988506977e+01
2.379417154015396463e+01
2.444754724726473327e+01
2.511886431509579864e+01
2.580861540418074540e+01
2.651730670325790484e+01
2.724545830074790942e+01
2.799360456643180584e+01
2.876229454360985827e+01
2.955209235202887186e+01
3.036357760187357968e+01
3.119734581912618765e+01
3.205400888260592751e+01
3.293419547300957362e+01
3.383855153428233109e+01
3.476774074765777556e+01
3.572244501871465872e+01
3.670336497780802176e+01
3.771122049424197797e+01
3.874675120456130628e+01
3.981071705534971983e+01
4.090389886093309002e+01
4.202709887639689867e+01
4.318114138633849564e+01
4.436687330978612209e+01
4.558516482172871065e+01
4.683690999171268743e+01
4.812302743997417309e+01
4.944446101158826679e+01
5.080218046913019236e+01
5.219718220435648703e+01
5.363048996942865188e+01
5.510315562821568136e+01
5.661625992822727227e+01
5.817091329374357400e+01
5.976825664072413247e+01
6.140946221409365080e+01
6.309573444801930719e+01
6.482831084981073388e+01
6.660846290809155335e+01
6.843749702590871209e+01
7.031675547946464633e+01
7.224761740317561021e+01
7.423149980177937834e+01
7.626985859023444903e+01
7.836418966217520676e+01
8.051602998770540864e+01
8.272695874133700045e+01
8.499859846090149063e+01
8.733261623828431652e+01
8.973072494285631251e+01
9.219468447849986603e+01
9.472630307515240133e+01
9.732743861581499800e+01
9.999999999999995737e+01
1.027459485446179599e+02
1.055672994233328694e+02
1.084661231454404202e+02
1.114445470753563114e+02
1.145047569938281953e+02
1.176489987020186021e+02
1.208795796696343530e+02
1.241988707283130395e+02
1.276093078115091544e+02
1.311133937421564042e+02
1.347137000694184223e+02
1.384128689558756946e+02
1.422136151165335889e+02
1.461187278110747059e+02
1.501310728908172507e+02
1.542535949018820531e+02
1.584893192461112505e+02
1.628413544013248497e+02
1.673128942025444132e+02
1.719072201858574545e+02
1.766277039966442999e+02
1.814778098639323503e+02
1.864610971426956496e+02
1.915812229259642550e+02
1.968419447286611614e+02
2.022471232451356116e+02
2.078007251824172101e+02
2.135068261712694664e+02
2.193696137571795362e+02
2.253933904734789735e+02
2.315825769988506408e+02
2.379417154015394829e+02
2.444754724726471693e+02
2.511886431509580575e+02
2.580861540418075037e+02
2.651730670325791266e+02
2.724545830074791866e+02
2.799360456643181010e+02
2.876229454360986324e+02
2.955209235202886475e+02
3.036357760187357258e+02
3.119734581912617841e+02
3.205400888260592183e+02
3.293419547300956651e+02
3.383855153428232256e+02
3.476774074765776277e+02
3.572244501871463740e+02
3.670336497780799618e+02
3.771122049424198508e+02
3.874675120456131481e+02
3.981071705534972693e+02
4.090389886093309428e+02
4.202709887639691146e+02
4.318114138633850416e+02
4.436687330978610930e+02
4.558516482172869928e+02
4.683690999171267890e+02
4.812302743997415746e+02
4.944446101158825400e+02
5.080218046913018384e+02
5.219718220435647709e+02
5.363048996942861777e+02
5.510315562821564299e+02
5.661625992822728222e+02
5.817091329374359248e+02
5.976825664072414384e+02
6.140946221409366217e+02
6.309573444801932283e+02
6.482831084981074810e+02
6.660846290809156471e+02
6.843749702590873767e+02
7.031675547946466622e+02
7.224761740317562726e+02
7.423149980177931866e+02
7.626985859023440071e+02
7.836418966217515845e+02
8.051602998770534896e+02
8.272695874133694360e+02
8.499859846090150768e+02
8.733261623828433358e+02
8.973072494285634093e+02
9.219468447849989161e+02
9.472630307515242976e+02
9.732743861581501505e+02
9.999999999999997726e+02
