-6.457231707542769094e-06
-6.371765649313623199e-06
-6.265343839675233769e-06
-6.140379869568904846e-06
-5.999017825335698048e-06
-5.843156707869135417e-06
-5.674466008301222691e-06
-5.494425237132718449e-06
-5.304332904039477781e-06
-5.105344638024760881e-06
-4.898473071217952614e-06
-4.684611284739757777e-06
-4.464547205091007143e-06
-4.238994792571083319e-06
-4.008573147557679863e-06
-3.773856170960602300e-06
-3.535342401283104483e-06
-3.293498626838248147e-06
-3.048751008038861961e-06
-2.801492695774450757e-06
-2.552098012317097879e-06
-2.300912779865115986e-06
-2.048266131399976162e-06
-1.794485377067363613e-06
-1.539890527301435851e-06
-1.284780959166186626e-06
-1.029478680716775592e-06
-7.742735611922902013e-07
-5.194854137329388652e-07
-2.654247339092799894e-07
-1.240240454214005858e-08
2.392631947051445314e-07
4.892445015562329584e-07
7.372204227128154701e-07
9.828282568292943238e-07
1.225754520797300426e-06
1.465647813474220401e-06
1.702136450199831649e-06
1.934862117789574049e-06
2.163479177389798924e-06
2.387596678611495358e-06
2.606845577436076936e-06
2.820856785402807159e-06
3.029236174030582843e-06
3.231607279025180112e-06
3.427583548185454102e-06
3.616781815142100826e-06
3.798835003052937415e-06
3.973359230915228058e-06
4.139970909699626763e-06
4.298324379525472580e-06
4.448052683235051869e-06
4.588818282003926044e-06
4.720273878641473979e-06
4.842121694716426298e-06
4.954044034425609265e-06
5.055765111814039440e-06
5.147019294233662424e-06
5.227585248113723061e-06
5.297247831331759350e-06
5.355855005830261678e-06
5.403253398681698195e-06
5.439372810254188881e-06
5.464180260763707875e-06
5.477703067963806064e-06
5.480059790131989217e-06
5.471461802961463047e-06
5.452239877268079781e-06
5.422895587061978645e-06
5.384161441320725047e-06
5.337051331294246395e-06
5.283019039903294777e-06
5.224110743010627081e-06
5.163217531524473620e-06
5.104478298592364708e-06
5.053829754625720966e-06
5.019861241019464295e-06
5.015039740137835133e-06
5.057610123447324088e-06
5.174298233726143982e-06
5.404434307895401408e-06
5.805895301008706198e-06
6.463941100769399489e-06
7.503995263570068350e-06
9.110221752376504196e-06
1.155213245818980792e-05
1.522242595609820062e-05
2.069020727473576293e-05
2.877479259471234815e-05
4.064672546913045148e-05
5.796357079922632614e-05
8.304927205801321331e-05
1.191259305647200570e-04
1.706060750516162476e-04
2.434511087993126283e-04
3.455963154966223603e-04
4.874356660241654362e-04
6.823471765192180025e-04
9.472265550778001444e-04
1.302979245746510063e-03
1.774902480890398542e-03
2.392877911428932611e-03
3.191279470260197527e-03
4.208510775981705483e-03
5.486095153429381907e-03
7.067277330693218750e-03
8.995144119195799121e-03
1.131033250307428642e-02
1.404846517642701839e-02
1.723751428149218265e-02
2.089534929884301340e-02
2.502772644504517446e-02
2.962701644091512987e-02
3.467181460390104247e-02
4.012766171007943472e-02
4.594876472504264703e-02
5.208075607796913697e-02
5.846418287621031606e-02
6.503854414776154280e-02
7.174647408550993699e-02
7.853784358713405966e-02
8.537344756602908979e-02
9.222810922789567711e-02
9.909305653240843559e-02
1.059775791463348493e-01
1.129100783833284632e-01
1.199385046283935469e-01
1.271305218280184557e-01
1.345735471324736587e-01
1.423748044793775869e-01
1.506617296370384163e-01
1.595826990604183315e-01
1.693085134934151914e-01
1.800342283678224298e-01
1.919820152889572529e-01
2.054044601888899424e-01
2.205885984999033378e-01
2.378602258424375449e-01
2.575885460639068536e-01
2.801903867100816736e-01
3.061333630266257488e-01
3.359373223363508743e-01
3.701722271300016964e-01
4.094511885454695244e-01
4.544158331898889291e-01
5.057118726819103127e-01
5.639508810976185949e-01
6.296552709437865936e-01
7.031837713808215540e-01
7.846343730914266956e-01
8.737267552633338763e-01
9.696672769082314014e-01
1.071006766745102645e+00
1.175508785054342420e+00
1.280053033783921546e+00
1.380605048083494601e+00
1.472289565629612218e+00
1.549599417177185856e+00
1.606761009423472997e+00
1.638253083782881481e+00
1.639442760664932441e+00
1.607261997812943211e+00
1.540814402092222535e+00
1.441785006499626487e+00
1.314535575300740389e+00
1.165814448767336531e+00
1.004084311487737580e+00
8.385597749941995360e-01
6.781213161054459038e-01
5.303093809591874486e-01
4.005866285466070931e-01
2.919900249046086804e-01
2.051964679502277233e-01
1.389307090124716482e-01
9.057800629853923757e-02
5.684455101362208967e-02
3.433357478058987611e-02
1.995783253559962195e-02
1.116727223413110578e-02
6.016777753318737314e-03
3.122900872397913093e-03
1.562170320481857727e-03
7.532802301874595317e-04
3.498493436284448219e-04
1.558738841030619222e-04
6.572643772597668162e-05
2.505167330107981488e-05
7.072422543151279631e-06
-8.709802821701702410e-07
-4.536768353204828019e-06
-6.450979807583331964e-06
-7.685024704890694048e-06
-8.679348081075911398e-06
-9.609823064436861164e-06
-1.054473538201779346e-05
-1.150979529791882544e-05
-1.251423055021131316e-05
-1.356098001018081227e-05
-1.465057641909850662e-05
-1.578259644389537418e-05
-1.695619723349174073e-05
-1.817030462609641942e-05
-1.942369192420670906e-05
-2.071501598926929312e-05
-2.204282158595988563e-05
-2.340555488883717331e-05
-2.480157871117445598e-05
-2.622917122431175319e-05
-2.768653820608322168e-05
-2.917181390141139149e-05
-3.068307934111218921e-05
-3.221835356822836077e-05
-3.377561201525961887e-05
-3.535278685939121870e-05
-3.694777187762434128e-05
-3.855843521179395695e-05
-4.018261142729567771e-05
-4.181811967189212495e-05
-4.346275842779438823e-05
-4.511431878961506923e-05
-4.677057907906796247e-05
-4.842931984917280247e-05
-5.008832180404418572e-05
-5.174536762002537031e-05
-5.339826091129589759e-05
-5.504481171428225950e-05
-5.668285566980915436e-05
-5.831025347513336157e-05
-5.992489586096868480e-05
-6.152471739881860274e-05
-6.310768793295776853e-05
-6.467183028721774083e-05
-6.621522075754653601e-05
-6.773599849980238639e-05
-6.923236922742348769e-05
-7.070261443107722654e-05
-7.214509166437814945e-05
-7.355824605762744176e-05
-7.494061276691173982e-05
-7.629082440759510407e-05
-7.760761365100533979e-05
-7.888981947522474857e-05
-8.013638784986285566e-05
-8.134637992025584897e-05
-8.251896982314605139e-05
-8.365344953791837158e-05
-8.474922781758101418e-05
-8.580583250575931232e-05
-8.682290902061819452e-05
-8.780021956679258323e-05
-8.873764147035734251e-05
-8.963516338691321611e-05
-9.049288407811948223e-05
-9.131100618273762441e-05
-9.208983337875231115e-05
-9.282976231623939125e-05
