   0.0000000e+00
   0.0000000e+00
   0.0000000e+00
   0.0000000e+00
   0.0000000e+00
   0.0000000e+00
   0.0000000e+00
   0.0000000e+00
   0.0000000e+00
   0.0000000e+00
   0.0000000e+00
   0.0000000e+00
   0.0000000e+00
   0.0000000e+00
   0.0000000e+00
   1.5897522e-06
   1.0341980e-05
   1.7786097e-05
   2.3848571e-05
   2.8454717e-05
   2.1048979e-05
   2.7177425e-05
   3.0761725e-05
   3.4714263e-05
   4.0843146e-05
   5.0832691e-05
   4.7198501e-05
   3.7704795e-05
   2.6784791e-05
   2.8168871e-05
   3.0301830e-05
   3.1038858e-05
   3.1025120e-05
   3.0235095e-05
   2.8644142e-05
   1.6553943e-05
   2.5658328e-05
   2.0680753e-05
   6.6119677e-06
   1.1358354e-05
   9.5563421e-06
   8.3645403e-06
   9.2468878e-06
   8.6774283e-06
   8.3584200e-06
   7.7108810e-06
   7.2724272e-06
   6.6418138e-06
   5.7865725e-06
   4.8444249e-06
   3.7828183e-06
   2.5964822e-06
   2.0168808e-06
   1.1814274e-06
   2.6861285e-07
   7.6842825e-10
   0.0000000e+00
   0.0000000e+00
   0.0000000e+00
   0.0000000e+00
   0.0000000e+00
   0.0000000e+00
   0.0000000e+00
   0.0000000e+00
   0.0000000e+00
   0.0000000e+00
   0.0000000e+00
   0.0000000e+00
   0.0000000e+00
   0.0000000e+00
   0.0000000e+00
   0.0000000e+00
   0.0000000e+00
   0.0000000e+00
   0.0000000e+00
   0.0000000e+00
   0.0000000e+00
   0.0000000e+00
   0.0000000e+00
   0.0000000e+00
   0.0000000e+00
   0.0000000e+00
   0.0000000e+00
   0.0000000e+00
   0.0000000e+00
   0.0000000e+00
   0.0000000e+00
   0.0000000e+00
   0.0000000e+00
   0.0000000e+00
   0.0000000e+00
   0.0000000e+00
   0.0000000e+00
   0.0000000e+00
   0.0000000e+00
   0.0000000e+00
   0.0000000e+00
   0.0000000e+00
   0.0000000e+00
   0.0000000e+00
   0.0000000e+00
   0.0000000e+00
   0.0000000e+00
   0.0000000e+00
   0.0000000e+00
   0.0000000e+00
   0.0000000e+00
   0.0000000e+00
   0.0000000e+00
   0.0000000e+00
   0.0000000e+00
   0.0000000e+00
   0.0000000e+00
   0.0000000e+00
   0.0000000e+00
   4.9869574e-02
   9.9288135e-02
   1.3651094e-01
   1.6547350e-01
   1.8191540e-01
   1.9018228e-01
   1.8914219e-01
   1.8061338e-01
   1.7322512e-01
   1.6062147e-01
   1.4285865e-01
   1.2122591e-01
   1.0169980e-01
   8.0913308e-02
   6.0155009e-02
   4.8059068e-02
   3.0689637e-02
   1.6975661e-02
   1.5433681e-02
   8.1816375e-03
   1.1963004e-02
   6.9578752e-02
   1.2920449e-01
   1.9095928e-01
   2.5488165e-01
   3.2092946e-01
   3.8898029e-01
   4.5883246e-01
   5.3020666e-01
   6.0274813e-01
   6.7602944e-01
   7.4955381e-01
   8.2275898e-01
   8.9502155e-01
   9.6566180e-01
   1.0339489e+00
   1.0991067e+00
   1.1603193e+00
   1.2167379e+00
   1.2674865e+00
   1.3116694e+00
   1.3483774e+00
   1.3766946e+00
   1.3957060e+00
   1.4045034e+00
   1.4021927e+00
   1.3879002e+00
   1.3607793e+00
   1.3200161e+00
   1.2648358e+00
   1.1945077e+00
   1.1083505e+00
   1.0057372e+00
   8.8609888e-01
   7.4892894e-01
   5.9378610e-01
   4.2029734e-01
   2.2816017e-01
   1.7144362e-02
   1.2914774e-03
   0.0000000e+00
   0.0000000e+00
   0.0000000e+00
   0.0000000e+00
   0.0000000e+00
   0.0000000e+00
   0.0000000e+00
   0.0000000e+00
   0.0000000e+00
   0.0000000e+00
   0.0000000e+00
   0.0000000e+00
   0.0000000e+00
   0.0000000e+00
   0.0000000e+00
   0.0000000e+00
   0.0000000e+00
   0.0000000e+00
   0.0000000e+00
   0.0000000e+00
   0.0000000e+00
   0.0000000e+00
   0.0000000e+00
   0.0000000e+00
   0.0000000e+00
   0.0000000e+00
   0.0000000e+00
   0.0000000e+00
   0.0000000e+00
   0.0000000e+00
   0.0000000e+00
   0.0000000e+00
   0.0000000e+00
   0.0000000e+00
   0.0000000e+00
   0.0000000e+00
   0.0000000e+00
   0.0000000e+00
   0.0000000e+00
   0.0000000e+00
   0.0000000e+00
   0.0000000e+00
   0.0000000e+00
   0.0000000e+00
   0.0000000e+00
   0.0000000e+00
   0.0000000e+00
   0.0000000e+00
   0.0000000e+00
   0.0000000e+00
   0.0000000e+00
   0.0000000e+00
   0.0000000e+00
   0.0000000e+00
   0.0000000e+00
   0.0000000e+00
   0.0000000e+00
   0.0000000e+00
   0.0000000e+00
   0.0000000e+00
   0.0000000e+00
   0.0000000e+00
   0.0000000e+00
   0.0000000e+00
   0.0000000e+00
   0.0000000e+00
   0.0000000e+00
   0.0000000e+00
   0.0000000e+00
   0.0000000e+00
   0.0000000e+00
   0.0000000e+00
   0.0000000e+00
   0.0000000e+00
   0.0000000e+00
   0.0000000e+00
   0.0000000e+00
   0.0000000e+00
   0.0000000e+00
   0.0000000e+00
   0.0000000e+00
