   0.0000000e+00
   0.0000000e+00
   0.0000000e+00
   0.0000000e+00
   0.0000000e+00
   0.0000000e+00
   0.0000000e+00
   0.0000000e+00
   0.0000000e+00
   0.0000000e+00
   0.0000000e+00
   0.0000000e+00
   0.0000000e+00
   0.0000000e+00
   0.0000000e+00
   0.0000000e+00
   0.0000000e+00
   0.0000000e+00
   0.0000000e+00
   0.0000000e+00
   0.0000000e+00
   0.0000000e+00
   0.0000000e+00
   0.0000000e+00
   0.0000000e+00
   0.0000000e+00
   0.0000000e+00
   0.0000000e+00
   0.0000000e+00
   0.0000000e+00
   0.0000000e+00
   0.0000000e+00
   0.0000000e+00
   0.0000000e+00
   0.0000000e+00
   0.0000000e+00
   0.0000000e+00
   0.0000000e+00
   0.0000000e+00
   0.0000000e+00
   0.0000000e+00
   0.0000000e+00
   0.0000000e+00
   0.0000000e+00
   0.0000000e+00
   0.0000000e+00
   0.0000000e+00
   0.0000000e+00
   0.0000000e+00
   0.0000000e+00
   0.0000000e+00
   0.0000000e+00
   0.0000000e+00
   0.0000000e+00
   0.0000000e+00
   0.0000000e+00
   0.0000000e+00
   0.0000000e+00
   0.0000000e+00
   0.0000000e+00
   0.0000000e+00
   0.0000000e+00
   0.0000000e+00
   0.0000000e+00
   0.0000000e+00
   0.0000000e+00
   0.0000000e+00
   0.0000000e+00
   0.0000000e+00
   0.0000000e+00
   0.0000000e+00
   0.0000000e+00
   0.0000000e+00
   0.0000000e+00
   0.0000000e+00
   0.0000000e+00
   0.0000000e+00
   0.0000000e+00
   0.0000000e+00
   0.0000000e+00
   0.0000000e+00
   0.0000000e+00
   0.0000000e+00
   0.0000000e+00
   0.0000000e+00
   0.0000000e+00
   0.0000000e+00
   0.0000000e+00
   0.0000000e+00
   0.0000000e+00
   0.0000000e+00
   0.0000000e+00
   0.0000000e+00
   0.0000000e+00
   0.0000000e+00
   0.0000000e+00
   0.0000000e+00
   0.0000000e+00
   0.0000000e+00
   0.0000000e+00
   2.0277107e-06
   1.9891623e-05
   1.3021083e-04
   5.9805113e-04
   2.0196574e-03
   5.2375817e-03
   1.0856631e-02
   1.8659736e-02
   2.7494318e-02
   3.5789286e-02
   4.2273918e-02
   4.6394033e-02
   4.8289221e-02
   4.8516107e-02
   4.7753207e-02
   4.6610632e-02
   4.5556383e-02
   4.4918750e-02
   4.4921980e-02
   4.5727818e-02
   4.7471234e-02
   5.0285290e-02
   5.4317689e-02
   5.9738075e-02
   6.6738630e-02
   7.5526754e-02
   8.6309961e-02
   9.9273663e-02
   1.1455127e-01
   1.3219153e-01
   1.5212768e-01
   1.7415439e-01
   1.9792202e-01
   2.2295277e-01
   2.4868107e-01
   2.7451473e-01
   2.9990788e-01
   3.2443559e-01
   3.4785312e-01
   3.7013889e-01
   3.9150668e-01
   4.1240256e-01
   4.3347838e-01
   4.5556562e-01
   4.7964182e-01
   5.0680916e-01
   5.3827744e-01
   5.7535172e-01
   6.1941680e-01
   6.7191025e-01
   7.3426819e-01
   8.0781667e-01
   8.9359710e-01
   9.9209797e-01
   1.1028732e+00
   1.2240686e+00
   1.3518957e+00
   1.4801566e+00
   1.6000195e+00
   1.7002573e+00
   1.7681845e+00
   1.7914083e+00
   1.7602329e+00
   1.6702452e+00
   1.5242955e+00
   1.3330489e+00
   1.1135952e+00
   8.8629467e-01
   6.7072869e-01
   4.8205661e-01
   3.2887864e-01
   2.1307057e-01
   1.3124916e-01
   7.7031198e-02
   4.3203538e-02
   2.3243672e-02
   1.2050935e-02
   6.0532582e-03
   2.9636377e-03
   1.4236404e-03
   6.7577430e-04
   3.1936303e-04
   1.5143375e-04
   7.2619591e-05
   3.5499788e-05
   1.7829507e-05
   9.2702886e-06
   5.0260698e-06
   2.8607266e-06
   0.0000000e+00
   0.0000000e+00
   0.0000000e+00
   0.0000000e+00
   0.0000000e+00
   0.0000000e+00
   0.0000000e+00
   0.0000000e+00
   0.0000000e+00
   0.0000000e+00
   0.0000000e+00
   0.0000000e+00
   0.0000000e+00
   0.0000000e+00
   0.0000000e+00
   2.6428498e-06
   4.2057645e-06
   6.8182776e-06
   1.1154504e-05
   1.8234544e-05
   2.9485381e-05
   4.6676476e-05
   7.1586812e-05
   1.0526038e-04
   1.4684848e-04
   1.9238769e-04
   2.3431605e-04
   2.6270438e-04
   2.6855171e-04
   2.4802158e-04
   2.0512725e-04
   1.5065326e-04
   9.7473565e-05
   5.5139959e-05
   2.7077995e-05
   1.1465877e-05
   4.1596775e-06
   0.0000000e+00
   0.0000000e+00
   0.0000000e+00
   0.0000000e+00
   0.0000000e+00
   0.0000000e+00
   0.0000000e+00
   0.0000000e+00
   0.0000000e+00
   0.0000000e+00
   0.0000000e+00
   0.0000000e+00
   0.0000000e+00
   0.0000000e+00
   0.0000000e+00
   0.0000000e+00
   0.0000000e+00
   0.0000000e+00
   0.0000000e+00
   0.0000000e+00
   0.0000000e+00
   0.0000000e+00
   0.0000000e+00
   0.0000000e+00
   0.0000000e+00
   0.0000000e+00
   0.0000000e+00
   0.0000000e+00
   0.0000000e+00
   0.0000000e+00
