3.477518207841917075e+01
3.451694485136382440e+01
3.375706487520496069e+01
3.252808511005854797e+01
3.088802287269500368e+01
2.890919245690205130e+01
2.667297247883107758e+01
2.426671942538597548e+01
2.177787970202218659e+01
1.928470227703148510e+01
1.686000650939409340e+01
1.455759339992391155e+01
1.242158648410689636e+01
1.047956281541227241e+01
8.749582469370247750e+00
7.233490037693559138e+00
5.926417709501299314e+00
4.815851365975560405e+00
3.885385152293669986e+00
3.113629874699095801e+00
2.482806069000456972e+00
1.970547583735782204e+00
1.558890024805118513e+00
1.229969418281627647e+00
9.689442783679769189e-01
7.617940115038858151e-01
5.995143053982467940e-01
4.708153955146850422e-01
3.710737353484147572e-01
2.928344153348769741e-01
2.306149446899635469e-01
1.824223594895066913e-01
1.445876172282801742e-01
1.146078289276166035e-01
9.090351813294129946e-02
7.188510256585019242e-02
5.719233449434856648e-02
4.532308534464345173e-02
3.643031319782705918e-02
2.957986751149357246e-02
2.289654075202338449e-02
1.799303735837750468e-02
1.447467012595510076e-02
1.077017410805961202e-02
9.211047395890936337e-03
6.927197644540108307e-03
5.689820521389125398e-03
4.548360679759506052e-03
3.853884157817283676e-03
2.910442718375866669e-03
2.528186069396020589e-03
1.257285094001570763e-03
8.958383643662001187e-04
1.050382192055716911e-03
6.595907268456024149e-04
6.144934125829456997e-04
6.419262674243234826e-04
3.917772236361442709e-04
5.109141916055514199e-04
7.812689865160496244e-04
-1.500388390973866957e-04
1.213919171597264382e-04
2.195682145542157660e-04
1.404229779575254721e-05
