   0.0000000e+00
   0.0000000e+00
   0.0000000e+00
   0.0000000e+00
   0.0000000e+00
   0.0000000e+00
   0.0000000e+00
   0.0000000e+00
   0.0000000e+00
   0.0000000e+00
   0.0000000e+00
   0.0000000e+00
   0.0000000e+00
   0.0000000e+00
   0.0000000e+00
   0.0000000e+00
   5.3493442e-05
   3.7794860e-04
   6.9313353e-04
   9.9838300e-04
   1.2930257e-03
   1.5763864e-03
   1.8477881e-03
   2.1065544e-03
   2.3520123e-03
   2.5834951e-03
   2.8003452e-03
   3.0019178e-03
   3.1875840e-03
   3.3567347e-03
   3.5087845e-03
   3.6431759e-03
   3.7593837e-03
   3.8569191e-03
   3.9353351e-03
   3.9942308e-03
   4.0332567e-03
   4.0521198e-03
   4.0505891e-03
   4.0285005e-03
   3.9857627e-03
   3.9223622e-03
   3.8383693e-03
   3.7339429e-03
   3.6093359e-03
   3.4649007e-03
   3.3010934e-03
   3.1184793e-03
   2.9177364e-03
   2.6996599e-03
   2.4651655e-03
   2.2152922e-03
   1.9512049e-03
   1.6741960e-03
   1.3856862e-03
   1.0872250e-03
   7.8048946e-04
   4.6728254e-04
   1.4953053e-04
   0.0000000e+00
   0.0000000e+00
   0.0000000e+00
   0.0000000e+00
   0.0000000e+00
   0.0000000e+00
   0.0000000e+00
   0.0000000e+00
   0.0000000e+00
   0.0000000e+00
   0.0000000e+00
   0.0000000e+00
   0.0000000e+00
   0.0000000e+00
   0.0000000e+00
   0.0000000e+00
   0.0000000e+00
   0.0000000e+00
   0.0000000e+00
   0.0000000e+00
   0.0000000e+00
   0.0000000e+00
   0.0000000e+00
   0.0000000e+00
   0.0000000e+00
   0.0000000e+00
   0.0000000e+00
   0.0000000e+00
   0.0000000e+00
   2.9412947e-04
   9.3456875e-04
   1.6189635e-03
   2.3449496e-03
   3.1097824e-03
   3.9103445e-03
   4.7431583e-03
   5.6044021e-03
   6.4899300e-03
   7.3952965e-03
   8.3157840e-03
   9.2464348e-03
   1.0182086e-02
   1.1117407e-02
   1.2046944e-02
   1.2965158e-02
   1.3866475e-02
   1.4745332e-02
   1.5596223e-02
   1.6413753e-02
   1.7192679e-02
   1.7927966e-02
   1.8614828e-02
   1.9248778e-02
   1.9825665e-02
   2.0341722e-02
   2.0793595e-02
   2.1178381e-02
   2.1493657e-02
   2.1737500e-02
   2.1908513e-02
   2.2005833e-02
   2.2029146e-02
   2.1978688e-02
   2.1855245e-02
   2.1660142e-02
   2.1395239e-02
   2.1062906e-02
   2.0666005e-02
   2.0207865e-02
   1.9692245e-02
   1.9123305e-02
   1.8505564e-02
   1.7843858e-02
   1.7143300e-02
   1.6409227e-02
   1.5647158e-02
   1.4862739e-02
   1.4061697e-02
   1.3249787e-02
   1.2432743e-02
   1.1616229e-02
   1.0805790e-02
   1.0006807e-02
   9.2244535e-03
   8.4636500e-03
   7.7290296e-03
   7.0249007e-03
   6.3552150e-03
   5.7235394e-03
   5.1330318e-03
   4.5864208e-03
   4.0859898e-03
   3.6335653e-03
   3.2305097e-03
   2.8777183e-03
   2.5756210e-03
   2.3241874e-03
   2.1229369e-03
   1.9709520e-03
   1.8668962e-03
   1.8090341e-03
   1.7952563e-03
   1.8231062e-03
   1.8898094e-03
   1.9923065e-03
   2.1272868e-03
   2.2912242e-03
   2.4804144e-03
   2.6910125e-03
   2.9190720e-03
   3.1605836e-03
   3.4115133e-03
   3.6678407e-03
   3.9255966e-03
   4.1808984e-03
   4.4299848e-03
   4.6692487e-03
   4.8952677e-03
   5.1048324e-03
   5.2949722e-03
   5.4629788e-03
   5.6064258e-03
   5.7231864e-03
   5.8114475e-03
   5.8697205e-03
   5.8968493e-03
   5.8920145e-03
   5.8547350e-03
   5.7848663e-03
   5.6825953e-03
   5.5484328e-03
   5.3832025e-03
   5.1880281e-03
   4.9643172e-03
   4.7137431e-03
   4.4382250e-03
   4.1399053e-03
   3.8211265e-03
   3.4844056e-03
   3.1324084e-03
   2.7679219e-03
   2.3938270e-03
   2.0130703e-03
   1.6286362e-03
   1.2435189e-03
   8.6069450e-04
   4.8309491e-04
   1.1358124e-04
   0.0000000e+00
   0.0000000e+00
   0.0000000e+00
   0.0000000e+00
   0.0000000e+00
   0.0000000e+00
   0.0000000e+00
   0.0000000e+00
   0.0000000e+00
   0.0000000e+00
   0.0000000e+00
   0.0000000e+00
   0.0000000e+00
   0.0000000e+00
   0.0000000e+00
   0.0000000e+00
   0.0000000e+00
   0.0000000e+00
   0.0000000e+00
   0.0000000e+00
   0.0000000e+00
   0.0000000e+00
   0.0000000e+00
   0.0000000e+00
   0.0000000e+00
   0.0000000e+00
   0.0000000e+00
   0.0000000e+00
   0.0000000e+00
   0.0000000e+00
   0.0000000e+00
   1.4741454e-06
   2.4595130e-04
   4.8174421e-04
   7.0618043e-04
   9.1664336e-04
   1.1105876e-03
   1.2855532e-03
   1.4391795e-03
   1.5692171e-03
   1.6735392e-03
   1.7501522e-03
   1.7972043e-03
   1.8129934e-03
   1.7959738e-03
   1.7447617e-03
   1.6581394e-03
   1.5350585e-03
   1.3746415e-03
