2.932904728531923508e-05
2.993422864875447956e-05
3.056733264760408349e-05
3.122980930334254431e-05
3.192350214845484225e-05
3.265015475757851129e-05
3.341166799213324902e-05
3.421019589159099975e-05
3.504791015326457518e-05
3.592712903772083994e-05
3.685051185557145176e-05
3.782069143631347854e-05
3.884064278691771489e-05
3.991350536955263166e-05
4.104262057115989361e-05
4.223165449359074877e-05
4.348461735399286333e-05
4.480559004935948575e-05
4.619915907719407416e-05
4.767028873688607414e-05
4.922429149386532905e-05
5.086673996718715806e-05
5.260398436607808127e-05
5.444266868315502197e-05
5.639006170252842921e-05
5.845398302889326272e-05
6.064303432166013994e-05
6.296624095794452192e-05
6.543380233000229036e-05
6.805662127820660172e-05
7.084657088240591547e-05
7.381636810846948680e-05
7.698024664942940804e-05
8.035340994764928065e-05
8.395250369548337883e-05
8.779578283977765741e-05
9.190308812375063763e-05
9.629623905254303400e-05
1.009986642293925690e-04
1.060363648140452643e-04
1.114380646107976684e-04
1.172344707820872196e-04
1.234599806178885654e-04
1.301516963862844748e-04
1.373507135586211035e-04
1.451018088774295740e-04
1.534546329119215464e-04
1.624634659913932382e-04
1.721876055372323323e-04
1.826925460564252882e-04
1.940504985188217370e-04
2.063405260856373809e-04
2.196499819228193778e-04
2.340742611984469813e-04
2.497191754681255156e-04
2.667003141313293788e-04
2.851458658052362025e-04
3.051955287777196571e-04
3.270036640627244865e-04
3.507402004980189505e-04
3.765907589109134391e-04
4.047609255207616948e-04
4.354744546247616495e-04
4.689776811047022937e-04
5.055393790832168020e-04
5.454551508843554939e-04
5.890470606437812158e-04
6.366659526014373108e-04
6.886946882763848908e-04
7.455501696781493409e-04
8.076822286654639473e-04
8.755800527199370745e-04
9.497710656467343296e-04
1.030820603948391298e-03
1.119338411653463157e-03
1.215973357798050920e-03
1.321416084068853395e-03
1.436400846228898806e-03
1.561695482563786987e-03
1.698109784102925981e-03
1.846484389403133452e-03
2.007683998596033245e-03
2.182599679526284545e-03
2.372126919303467127e-03
2.577173177564279563e-03
2.798620870074334122e-03
3.037342879975961623e-03
3.294160277329128816e-03
3.569834427967215947e-03
3.865044322546705262e-03
4.180367241137651450e-03
4.516258856884382451e-03
4.872999412558375737e-03
5.250719885655123070e-03
5.649321538888785708e-03
6.068480217390108747e-03
6.507628186375115538e-03
6.965916709932577951e-03
7.442201094492062463e-03
7.935038947698983686e-03
8.442662785746183479e-03
8.963006882192009472e-03
9.493697093425592509e-03
1.003205097352706000e-02
1.057511779641658912e-02
1.111971030510144551e-02
1.166243968603386007e-02
1.219974357938324871e-02
1.272793555210584467e-02
1.324327913219653687e-02
1.374207611763176955e-02
1.422064511677954488e-02
1.467543128900854026e-02
1.510311438579919202e-02
1.550053343949613083e-02
1.586487808415944570e-02
1.619369130813562083e-02
1.648480496159275555e-02
1.673656661926541458e-02
1.694765213161839382e-02
1.711719811366284316e-02
1.724480604772701819e-02
1.733048375668268248e-02
1.737463461791248845e-02
1.737804127223284770e-02
1.734189521654962846e-02
1.726763552695082318e-02
1.715706906188236083e-02
1.701214784209096817e-02
1.683507662611058095e-02
1.662822084495769320e-02
1.639402570199487846e-02
1.613502768686349634e-02
1.585380932236760479e-02
1.555289912209085156e-02
1.523484008790900249e-02
1.490210215088948534e-02
1.455704504786755824e-02
1.420194541936389138e-02
1.383890161498512253e-02
1.346994667311656423e-02
1.309688384688400056e-02
1.272141078528668014e-02
1.234503379831998829e-02
1.196906840972208723e-02
1.159472110390523045e-02
1.122297846215749260e-02
1.085469536528336186e-02
1.049057530259197429e-02
1.013114568272051493e-02
9.776842374517242737e-03
9.427933876936763977e-03
9.084598488086638099e-03
8.746905387486722527e-03
8.414830683565459324e-03
8.088282949629051199e-03
7.767094782598263532e-03
7.451093187748977602e-03
7.140010104290672906e-03
6.833611464281161979e-03
6.531660684931743163e-03
6.233912758218121408e-03
5.940153174952525657e-03
5.650233970976706321e-03
5.364050334591081819e-03
5.081556532308563641e-03
4.802791198920623728e-03
4.527878607005774575e-03
4.257031435958174605e-03
3.990554521146135250e-03
3.728838906208554755e-03
3.472362486360104205e-03
3.221681453686636980e-03
2.977412332375750648e-03
2.740230577479123297e-03
2.510831265537356253e-03
2.289929337745763224e-03
2.078227505479997902e-03
1.876393701377880759e-03
1.685032021250210295e-03
1.504680098427682447e-03
1.335766711064385491e-03
1.178610545334235742e-03
1.033403002691716003e-03
9.002002441639238685e-04
7.789199638402671344e-04
6.693464412710585639e-04
5.711329290591979748e-04
4.838175484521947309e-04
4.068365508613786940e-04
3.395417261672691728e-04
2.812214123334857247e-04
2.311211737106868517e-04
1.884628549476475884e-04
1.524665364893686094e-04
1.223650035189053395e-04
9.742132087130009885e-05
7.693963544578793796e-05
6.027506913299720702e-05
4.683971770781384427e-05
3.610652106182234096e-05
2.760969152732932596e-05
2.094400474488128101e-05
1.576163465515630302e-05
1.176830477956159398e-05
8.718296758431100298e-06
6.409016938437465620e-06
4.675580242981099496e-06
3.385409626875024208e-06
2.433148424525919740e-06
1.736050554411482024e-06
1.229843853484444196e-06
8.651520926779744418e-07
6.044378114823463314e-07
4.194625307068756672e-07
2.891912966788193511e-07
1.981053649398170253e-07
1.348639552861846178e-07
9.125491178038704531e-08
6.138313900092467124e-08
4.105323232592443929e-08
2.730385823316056760e-08
1.806147877316662075e-08
1.188520814026552139e-08
7.781432279934490091e-09
5.069721231675347669e-09
3.287517675858678326e-09
2.122044667120377663e-09
1.363831543138316284e-09
8.728342046852878556e-10
5.563041121953984942e-10
3.531886451857001964e-10
2.233800120348089903e-10
1.407431233542938349e-10
8.841619664832877539e-11
5.548046786260583404e-11
3.459078412288235272e-11
2.147254097262308547e-11
1.345168504457750269e-11
8.342584381696983771e-12
5.159123946014898861e-12
3.211966648867112517e-12
2.034613707714284440e-12
1.193296196392743909e-12
7.904466325765422413e-13
5.067189549468947707e-13
3.578777664734142322e-13
1.896376762519691172e-13
1.657493191598373590e-13
1.065978013933542000e-13
8.642986696709528256e-14
7.247612364865624777e-14
3.186305079334418095e-14
5.705066483423123762e-14
4.200467882201354955e-14
3.735428236471681905e-14
