2.471152139480603058e-05
2.541779024962761464e-05
2.616073285492943152e-05
2.694262714078842839e-05
2.776596740603618136e-05
2.863338996747104675e-05
2.954773277343981361e-05
3.051206674164658430e-05
3.152966735587734245e-05
3.260405674787594473e-05
3.373905562328422095e-05
3.493873707235369594e-05
3.620751540848496890e-05
3.755013707391211469e-05
3.897171361679020230e-05
4.047777040520155308e-05
4.207428517654584083e-05
4.376766533287557485e-05
4.556486733540573931e-05
4.747341367343620177e-05
4.950142891463743522e-05
5.165766636651251026e-05
5.395166643245552485e-05
5.639371098185229732e-05
5.899495141639230254e-05
6.176745878468861814e-05
6.472434440776016326e-05
6.787975831758249318e-05
7.124913632158580987e-05
7.484918885206472486e-05
7.869805800805143071e-05
8.281539753290173762e-05
8.722263835519768074e-05
9.194299416139278434e-05
9.700170447996821861e-05
1.024262219412902275e-04
1.082463687110848233e-04
1.144946008804958104e-04
1.212061091759830510e-04
1.284192503942915690e-04
1.361758015116596582e-04
1.445210171030999633e-04
1.535042947980537248e-04
1.631792039944869968e-04
1.736040924712249048e-04
1.848423167251126386e-04
1.969628690388645139e-04
2.100406666031831495e-04
2.241570136816900061e-04
2.394002937580945825e-04
2.558665127602742831e-04
2.736597600956902090e-04
2.928930317855721289e-04
3.136886193449708263e-04
3.361792175715046845e-04
3.605082344418419145e-04
3.868310367625232252e-04
4.153151509787030948e-04
4.461415989574396860e-04
4.795056233178221863e-04
5.156171781985649603e-04
5.547025270118609254e-04
5.970041397887380311e-04
6.427822482086933444e-04
6.923150830444078181e-04
7.459002753339492951e-04
8.038548642078262915e-04
8.665159273573203773e-04
9.342413178637737564e-04
1.007409939006477084e-03
1.086420966495235457e-03
1.171694940574947389e-03
1.263672585794906695e-03
1.362813609477173202e-03
1.469597070018489491e-03
1.584518305247452786e-03
1.708087692947640301e-03
1.840828849022724169e-03
1.983273440186865497e-03
2.135960398062462014e-03
2.299429799320645233e-03
2.474217566444772941e-03
2.660852079734802970e-03
2.859844489508296585e-03
3.071685982210403502e-03
3.296834022265786226e-03
3.535710963086544610e-03
3.788688766873650644e-03
4.056081790291042252e-03
4.338136075821097913e-03
4.635019386465758472e-03
4.946811214610207820e-03
5.273485500204064431e-03
5.614911183995886443e-03
5.970829776260270887e-03
6.340851832632828783e-03
6.724448891493644588e-03
7.120942039467450038e-03
7.529495841351985241e-03
7.949115688441152697e-03
8.378640858970057975e-03
8.816749260777270031e-03
9.261955779166382990e-03
9.712614002769308710e-03
1.016692664649489555e-02
1.062295584704207527e-02
1.107863527038945202e-02
1.153178241717468452e-02
1.198011641054448108e-02
1.242128218795048901e-02
1.285287845199763364e-02
1.327246698479139439e-02
1.367760776218365781e-02
1.406589509990022364e-02
1.443496087286348477e-02
1.478252841019568956e-02
1.510643197106677736e-02
1.540462420328958006e-02
1.567523801014424067e-02
1.591657087947076846e-02
1.612712830137525560e-02
1.630564207853388639e-02
1.645107580433245731e-02
1.656263688155928601e-02
1.663978578504035286e-02
1.668225153355921975e-02
1.669000806066600617e-02
1.666330142352077243e-02
1.660260841444337332e-02
1.650865568332951852e-02
1.638239728853941451e-02
1.622499142446851700e-02
1.603779301572753196e-02
1.582233193134285898e-02
1.558028039160173558e-02
1.531344881475503461e-02
1.502374892879880519e-02
1.471317454555788780e-02
1.438377909161161691e-02
1.403764536494560636e-02
1.367688186669938771e-02
1.330357500292552592e-02
1.291979608230485813e-02
1.252756503275839067e-02
1.212883577084891869e-02
1.172549693271873576e-02
1.131933953023524404e-02
1.091206111111493911e-02
1.050525221001633903e-02
1.010038482598347651e-02
9.698821860979164530e-03
9.301799998495121138e-03
8.910439223542265461e-03
8.525736753552018432e-03
8.148572615737703639e-03
7.779713547026671956e-03
7.419814299801817323e-03
7.069430544096442191e-03
6.729007446757361531e-03
6.398907756061259292e-03
6.079406346219572849e-03
5.770695089501245122e-03
5.472895946004223064e-03
5.186067031302995720e-03
4.910207504989925510e-03
4.645263880265742412e-03
4.391136780557057702e-03
4.147689253559951224e-03
3.914748804572236972e-03
3.692115281315244690e-03
3.479563759043100696e-03
3.276849060231087993e-03
3.083711094572179345e-03
2.899875667566368612e-03
2.725061453583163193e-03
2.558977611745737873e-03
2.401330981356810182e-03
2.251825631051245814e-03
2.110165020564763218e-03
1.976051617768271804e-03
1.849193069621454496e-03
1.729297819721913043e-03
1.616079082933071518e-03
1.509255197345450239e-03
1.408549427703690866e-03
1.313690713040779152e-03
1.224414840399073957e-03
1.140463262078225204e-03
1.061584867112302282e-03
9.875353705257666412e-04
9.180771874492661775e-04
8.529802601486346581e-04
7.920220116705845026e-04
7.349863374132364294e-04
6.816657284919794410e-04
6.318589618817816974e-04
5.853727141758654920e-04
5.420207571974052993e-04
5.016242262348296916e-04
4.640111736043014122e-04
4.290174164062174117e-04
3.964852419461871750e-04
3.662643832197461265e-04
3.382110233986883058e-04
3.121882998849718083e-04
2.880661214212798939e-04
2.657205894660582103e-04
2.450342718814124427e-04
2.258959584094069497e-04
2.082003584424211358e-04
1.918480677886261361e-04
1.767453254065136543e-04
1.628038251505400924e-04
1.499404190598282516e-04
1.380771415840776999e-04
1.271408668733605622e-04
1.170630967167109887e-04
1.077796880029810287e-04
9.923089352451662103e-05
9.136086912337561044e-05
8.411760197206068050e-05
7.745276918234264606e-05
7.132138812176880434e-05
6.568173018915410592e-05
6.049511214252936909e-05
5.572569727532500263e-05
5.134029952241736630e-05
4.730824933504085620e-05
4.360121563037780250e-05
4.019304271784915502e-05
3.705960972136410140e-05
3.417867470883275999e-05
3.152975624427372140e-05
2.909399686383760185e-05
2.685403774387295903e-05
2.479391923588126272e-05
2.289896192902232346e-05
2.115568556475346153e-05
1.955169408205808683e-05
1.807560978763578995e-05
1.671697551646036655e-05
1.546619852578571272e-05
1.431447334193417960e-05
1.325370872811126641e-05
1.227649346432775698e-05
1.137601542384571893e-05
1.054602704522632220e-05
9.780798291126493638e-06
9.075069000242023503e-06
8.424015965420096516e-06
7.823211357939123558e-06
7.268594733020221657e-06
6.756437844049875705e-06
6.283326403002152951e-06
5.846121330081198168e-06
5.441946452981445948e-06
