1.004714043550716251e+00
9.878280241995762712e-01
1.013238767802088214e+00
9.943316175217954411e-01
9.881042200043533841e-01
1.001268905605168236e+00
9.972422440206055727e-01
9.776164034090631949e-01
9.784826104779755784e-01
9.491732193818318564e-01
9.752270618871596852e-01
9.645482434860116472e-01
9.537655123394623846e-01
9.122549603938501228e-01
9.159301214397775892e-01
9.046080190044244462e-01
8.924241807344686084e-01
8.734765303767724198e-01
8.644265622571527530e-01
8.147848940433042308e-01
8.056899301935135371e-01
7.770758265284002375e-01
7.599992716790007208e-01
7.366145551980506356e-01
7.159593247520011916e-01
6.685835924524298202e-01
6.494718154615363170e-01
5.930857067514115899e-01
5.772416160414720609e-01
5.569482832208946244e-01
5.093394722274773301e-01
4.835376526412649145e-01
4.575879115227275973e-01
4.248415183061033384e-01
3.908242592941876259e-01
3.495116301994781738e-01
3.214588790201005630e-01
2.875738860518757822e-01
2.710772349516033519e-01
2.598328266736333325e-01
2.114632764202091231e-01
1.814157852864805853e-01
1.654808895728525908e-01
1.241024523367333099e-01
1.287644411909760200e-01
1.004350936369270558e-01
9.280732593741827796e-02
8.071875330134505033e-02
7.596976526783232042e-02
5.988122754775902779e-02
5.678855569676007770e-02
2.580416899167484873e-02
1.925299175118455261e-02
2.629210464877935680e-02
1.675807014001843773e-02
1.653982591046564837e-02
1.797860163369509670e-02
1.114919651522261988e-02
1.475499276362817261e-02
2.259635493504082160e-02
-4.182042798077453480e-03
3.593316325234039831e-03
6.374111230500112066e-03
4.210241786143861797e-04
