   7.0140691e-01
   6.5358940e-01
   6.0589543e-01
   5.5837866e-01
   5.1109502e-01
   4.6410271e-01
   4.1746217e-01
   3.7123603e-01
   3.2548910e-01
   2.8028829e-01
   2.3570255e-01
   1.9180280e-01
   1.4866178e-01
   1.0635401e-01
   6.4955598e-02
   2.4544117e-02
   0.0000000e+00
   0.0000000e+00
   0.0000000e+00
   0.0000000e+00
   0.0000000e+00
   0.0000000e+00
   0.0000000e+00
   0.0000000e+00
   0.0000000e+00
   0.0000000e+00
   0.0000000e+00
   0.0000000e+00
   0.0000000e+00
   0.0000000e+00
   0.0000000e+00
   0.0000000e+00
   0.0000000e+00
   0.0000000e+00
   0.0000000e+00
   0.0000000e+00
   0.0000000e+00
   0.0000000e+00
   0.0000000e+00
   0.0000000e+00
   0.0000000e+00
   0.0000000e+00
   0.0000000e+00
   0.0000000e+00
   0.0000000e+00
   0.0000000e+00
   0.0000000e+00
   0.0000000e+00
   0.0000000e+00
   0.0000000e+00
   0.0000000e+00
   0.0000000e+00
   0.0000000e+00
   0.0000000e+00
   0.0000000e+00
   0.0000000e+00
   0.0000000e+00
   2.9939762e-02
   7.0025703e-02
   1.1030681e-01
   1.5053231e-01
   1.9044211e-01
   2.2976807e-01
   2.6823544e-01
   3.0556445e-01
   3.4147211e-01
   3.7567407e-01
   4.0788675e-01
   4.3782952e-01
   4.6522706e-01
   4.8981182e-01
   5.1132658e-01
   5.2952714e-01
   5.4418497e-01
   5.5509001e-01
   5.6205341e-01
   5.6491025e-01
   5.6352223e-01
   5.5778028e-01
   5.4760701e-01
   5.3295902e-01
   5.1382898e-01
   4.9024755e-01
   4.6228491e-01
   4.3005206e-01
   3.9370169e-01
   3.5342876e-01
   3.0947057e-01
   2.6210641e-01
   2.1165676e-01
   1.5848196e-01
   1.0298040e-01
   4.5586237e-02
   0.0000000e+00
   0.0000000e+00
   0.0000000e+00
   0.0000000e+00
   0.0000000e+00
   0.0000000e+00
   0.0000000e+00
   0.0000000e+00
   0.0000000e+00
   0.0000000e+00
   0.0000000e+00
   0.0000000e+00
   0.0000000e+00
   0.0000000e+00
   0.0000000e+00
   0.0000000e+00
   0.0000000e+00
   0.0000000e+00
   0.0000000e+00
   0.0000000e+00
   0.0000000e+00
   0.0000000e+00
   0.0000000e+00
   0.0000000e+00
   0.0000000e+00
   0.0000000e+00
   0.0000000e+00
   0.0000000e+00
   0.0000000e+00
   0.0000000e+00
   0.0000000e+00
   0.0000000e+00
   7.3582883e-02
   1.6518930e-01
   2.5852525e-01
   3.5286393e-01
   4.4746676e-01
   5.4159076e-01
   6.3449580e-01
   7.2545180e-01
   8.1374588e-01
   8.9868912e-01
   9.7962318e-01
   1.0559264e+00
   1.1270195e+00
   1.1923710e+00
   1.2515016e+00
   1.3039885e+00
   1.3494689e+00
   1.3876426e+00
   1.4182746e+00
   1.4411960e+00
   1.4563053e+00
   1.4635683e+00
   1.4630178e+00
   1.4547521e+00
   1.4389333e+00
   1.4157854e+00
   1.3855905e+00
   1.3486861e+00
   1.3054608e+00
   1.2563502e+00
   1.2018320e+00
   1.1424210e+00
   1.0786641e+00
   1.0111343e+00
   9.4042569e-01
   8.6714741e-01
   7.9191794e-01
   7.1535947e-01
   6.3809225e-01
   5.6072910e-01
   4.8387016e-01
   4.0809773e-01
   3.3397153e-01
   2.6202420e-01
   1.9275713e-01
   1.2663670e-01
   6.4090913e-02
   5.5064632e-03
   0.0000000e+00
   0.0000000e+00
   0.0000000e+00
   0.0000000e+00
   0.0000000e+00
   0.0000000e+00
   0.0000000e+00
   0.0000000e+00
   0.0000000e+00
   0.0000000e+00
   0.0000000e+00
   0.0000000e+00
   0.0000000e+00
   0.0000000e+00
   0.0000000e+00
   0.0000000e+00
   0.0000000e+00
   0.0000000e+00
   0.0000000e+00
   0.0000000e+00
   0.0000000e+00
   0.0000000e+00
   0.0000000e+00
   0.0000000e+00
   2.7006280e-02
   6.3833017e-02
   1.0018354e-01
   1.3567798e-01
   1.6995390e-01
   2.0266914e-01
   2.3350437e-01
   2.6216546e-01
   2.8838555e-01
   3.1192683e-01
   3.3258208e-01
   3.5017585e-01
   3.6456541e-01
   3.7564139e-01
   3.8332811e-01
   3.8758368e-01
   3.8839977e-01
   3.8580114e-01
   3.7984494e-01
   3.7061974e-01
   3.5824435e-01
   3.4286642e-01
   3.2466090e-01
   3.0382827e-01
   2.8059263e-01
   2.5519974e-01
   2.2791482e-01
   1.9902038e-01
   1.6881391e-01
   1.3760556e-01
   1.0571579e-01
   7.3472960e-02
   4.1211046e-02
   9.2672717e-03
   0.0000000e+00
   0.0000000e+00
   0.0000000e+00
   0.0000000e+00
   0.0000000e+00
   0.0000000e+00
   0.0000000e+00
   0.0000000e+00
   0.0000000e+00
   0.0000000e+00
   0.0000000e+00
   0.0000000e+00
   0.0000000e+00
   0.0000000e+00
   0.0000000e+00
   0.0000000e+00
   0.0000000e+00
   0.0000000e+00
   0.0000000e+00
   0.0000000e+00
   0.0000000e+00
   0.0000000e+00
   3.2935314e-02
   8.6920929e-02
   1.4603330e-01
