-1.055496746863823159e-05
-1.013396424845432115e-05
-9.702650645443048930e-06
-9.261645141552764102e-06
-8.811543773696209106e-06
-8.352922927129861108e-06
-7.886346036736813540e-06
-7.412364700636421406e-06
-6.931512928865538005e-06
-6.444326548413486360e-06
-5.951323966441497286e-06
-5.453026889898113855e-06
-4.949948851553165135e-06
-4.442607507170581270e-06
-3.931517542127728194e-06
-3.417203712580687664e-06
-2.900188386852773501e-06
-2.381002257144310043e-06
-1.860187872592606319e-06
-1.338297174834219118e-06
-8.158857628948500891e-07
-2.935295729058118370e-07
2.281881412988434016e-07
7.486646102696636083e-07
1.267293759508743914e-06
1.783443093109171202e-06
2.296469310641461659e-06
2.805718275472593982e-06
3.310516625946135762e-06
3.810178004867366610e-06
4.304003494517763258e-06
4.791273669053945269e-06
5.271264317864465610e-06
5.743239789565615294e-06
6.206440174008032231e-06
6.660115041686310790e-06
7.103491354487383206e-06
7.535798210216171265e-06
7.956259480055453482e-06
8.364091593634108760e-06
8.758516343139763582e-06
9.138756304160477548e-06
9.504041492224468953e-06
9.853605214448242687e-06
1.018669566628911307e-05
1.050257613001608394e-05
1.080052273151113753e-05
1.107984379559649155e-05
1.133985626121307293e-05
1.157991894491714862e-05
1.179942121972919462e-05
1.199778793116654794e-05
1.217448434864236400e-05
1.232902675002513473e-05
1.246097339903067992e-05
1.256994414676169393e-05
1.265562216011733135e-05
1.271774862056361317e-05
1.275614005805321991e-05
1.277068773327965539e-05
1.276137264574922954e-05
1.272826317513444329e-05
1.267152039639923417e-05
1.259142648319190874e-05
1.248838328942504324e-05
1.236293045069097640e-05
1.221577367266509302e-05
1.204781139005982096e-05
1.186018047028528160e-05
1.165430674887768440e-05
1.143200384439792078e-05
1.119558407854490398e-05
1.094803864581231512e-05
1.069328541556124223e-05
1.043655030094162014e-05
1.018489249876093225e-05
9.948003428288728573e-06
9.739348145055569302e-06
9.577850104604006991e-06
9.490358397571105589e-06
9.515229833070404619e-06
9.707571712406703619e-06
1.014685268024894094e-05
1.094789760424495687e-05
1.227674671540331375e-05
1.437334289674140101e-05
1.758374742304831610e-05
2.240554547769824795e-05
2.955108259987800635e-05
4.003467742090167800e-05
5.529108093738213859e-05
7.733403535253375498e-05
1.089646800808672273e-04
1.540399765232836971e-04
2.178101800251228506e-04
3.073316406683940303e-04
4.319552740690647320e-04
6.038817667041415952e-04
8.387611073938175139e-04
1.156296636392880033e-03
1.580793094913659656e-03
2.141567104849234366e-03
2.873118955272800559e-03
3.814954060389153488e-03
5.010943359664286542e-03
6.508132580983953461e-03
8.354951346756324393e-03
1.059883984578407004e-02
1.328338917340238234e-02
1.644518256788710803e-02
2.011061363186654113e-02
2.429300986837479998e-02
2.899042174183912024e-02
3.418440277782670844e-02
3.984003569034084979e-02
4.590733176181525932e-02
5.232397292536954125e-02
5.901922244843881699e-02
6.591868396777764150e-02
7.294952871953357121e-02
8.004568893682817432e-02
8.715272803688924041e-02
9.423190001789727432e-02
1.012633346480519281e-01
1.082482075638000196e-01
1.152099139359168134e-01
1.221944914891430062e-01
1.292704494848110897e-01
1.365283455697809400e-01
1.440803468709742907e-01
1.520600474004575320e-01
1.606228143159014188e-01
1.699467276007979311e-01
1.802343875817240260e-01
1.917154587973134150e-01
2.046501135853348585e-01
2.193331746739616006e-01
2.360988162769799281e-01
2.553255333064364807e-01
2.774408807175326452e-01
3.029252459340879833e-01
3.323138149312965806e-01
3.661949765882439589e-01
4.052036623799322723e-01
4.500069321560635216e-01
5.012788189025577656e-01
5.596610921523026416e-01
6.257062089386773440e-01
6.997992013907404774e-01
7.820565047205608744e-01
8.722022166615326366e-01
9.694268172333909694e-01
1.072238596000062660e+00
1.178326934773577861e+00
1.284463764338420910e+00
1.386477355110838250e+00
1.479336368293804105e+00
1.557376857417889005e+00
1.614693036010159899e+00
1.645684419851100699e+00
1.645716832154120013e+00
1.611814112348147310e+00
1.543263766694189743e+00
1.442003876009240182e+00
1.312677445539142118e+00
1.162289932964810646e+00
9.994868786469578437e-01
8.335565981360569809e-01
6.733353094313393461e-01
5.262207226401095506e-01
3.974756882436850103e-01
2.899299995156124354e-01
2.040898039396474295e-01
1.385719475799600531e-01
9.072193447600251925e-02
5.726215106116614578e-02
3.484620747012816960e-02
2.044879730313330091e-02
1.157633783707125857e-02
6.325579428247241065e-03
3.338422026657688387e-03
1.702916830655711380e-03
8.399930271086142146e-04
4.005756942533182110e-04
1.842250480328007107e-04
8.098299829816157566e-05
3.305924208304331183e-05
1.127843096241497644e-05
1.455644447392832985e-06
-3.067736836744687733e-06
-5.317033347289883504e-06
-6.625942832706453325e-06
-7.566318462098136534e-06
-8.377158113922980479e-06
-9.155987887486601671e-06
-9.941661552643580197e-06
-1.074922302197372865e-05
-1.158422823275421329e-05
-1.244849755266697653e-05
-1.334239621001465193e-05
-1.426571149810045350e-05
-1.521799702660943919e-05
-1.619869927522949387e-05
-1.720720897828734527e-05
-1.824287765994278475e-05
-1.930502596588637158e-05
-2.039294609870488659e-05
-2.150589963622152808e-05
-2.264312027082147303e-05
-2.380380864181129679e-05
-2.498713405527368692e-05
-2.619222922123143877e-05
-2.741818968736469669e-05
-2.866407272300806457e-05
-2.992889194781015862e-05
-3.121161418546471741e-05
-3.251116110958308643e-05
-3.382640233267252618e-05
-3.515615581927999153e-05
-3.649918532681189782e-05
-3.785419550499611056e-05
-3.921983638893689425e-05
-4.059469487096682174e-05
-4.197730163767370915e-05
-4.336612332122363950e-05
-4.475956814033585964e-05
-4.615598440848435555e-05
-4.755366136746734643e-05
-4.895083185514578523e-05
-5.034567280113843706e-05
-5.173631175979734055e-05
-5.312082452536856736e-05
-5.449724487602926787e-05
-5.586356518613581120e-05
-5.721774221769007727e-05
-5.855770215431656424e-05
-5.988134716285357055e-05
-6.118656000487175933e-05
-6.247121087753886579e-05
-6.373316552139672705e-05
-6.497028841393453623e-05
-6.618045376345152984e-05
-6.736154935470761945e-05
-6.851148574743802240e-05
-6.962820186180592146e-05
-7.070967393046528372e-05
-7.175392035903348058e-05
-7.275900963168294221e-05
-7.372306863022883158e-05
-7.464428647820950749e-05
-7.552092292355776356e-05
-7.635131416478204054e-05
-7.713387830430272225e-05
-7.786712217375988353e-05
-7.854964637902533292e-05
-7.918014891321008882e-05
