3.709058553381990352e-06
3.678663633082500728e-06
3.647766589391735659e-06
3.616383190201869569e-06
3.584505211120291489e-06
3.552149219721519367e-06
3.519290908104272265e-06
3.485959263497213305e-06
3.452145833422695782e-06
3.417855319024251553e-06
3.383091485421875541e-06
3.347866840291986391e-06
3.312182493802357618e-06
3.276045388541923165e-06
3.239468247564988952e-06
3.202435768072536701e-06
3.164993489708701638e-06
3.127123213114785161e-06
3.088847131144772274e-06
3.050179350108484047e-06
3.011124417296765419e-06
2.971689713853427749e-06
2.931899481766945094e-06
2.891763581346452484e-06
2.851290249121234357e-06
2.810511493101354376e-06
2.769425309019974646e-06
2.728054832450514198e-06
2.686422023164233941e-06
2.644535703586441427e-06
2.602422373350316745e-06
2.560102020269489015e-06
2.517583537212305567e-06
2.474888847105428180e-06
2.432049970474249055e-06
2.389075642047228092e-06
2.345997282960829869e-06
2.302823452696661887e-06
2.259593743021591080e-06
2.216310937959442302e-06
2.173008343675521983e-06
2.129703375172503533e-06
2.086420907523286975e-06
2.043176075332838114e-06
2.000003280905093617e-06
1.956908693096904740e-06
1.913923009061646566e-06
1.871060234735711777e-06
1.828348932303564936e-06
1.785808974553989258e-06
1.743448640723532739e-06
1.701295708025469873e-06
1.659355797757763514e-06
1.617665328933756203e-06
1.576214864427399027e-06
1.535038439209552472e-06
1.494150620909269588e-06
1.453551995763410864e-06
1.413261194386501909e-06
1.373286232058653723e-06
1.333640713697366264e-06
1.294338027289987683e-06
1.255373981839547968e-06
1.216764428461526303e-06
1.178511675440517190e-06
1.140627102475208763e-06
1.103112937538236177e-06
1.065972792322734401e-06
1.029201976453581060e-06
9.928239178204156650e-07
9.568282530132994641e-07
9.212195058444013126e-07
8.860107150215123906e-07
8.511982572584151697e-07
8.167966500523528624e-07
7.828241020039655123e-07
7.493207284867103025e-07
7.164108849822968278e-07
6.843665935920945679e-07
6.538748226104924718e-07
6.265840631448149577e-07
6.062801490343995014e-07
6.014288734512174099e-07
6.302103435261705703e-07
7.302470720941841186e-07
9.765450837584244572e-07
1.513118604254161663e-06
2.606231671010869059e-06
4.730129098492395633e-06
8.698534173736894101e-06
1.585702913696729785e-05
2.835054017258300548e-05
4.947610208420452545e-05
8.412248519385620766e-05
1.392849335439684370e-04
2.246251501869732891e-04
3.530292579282890623e-04
5.410956710510204243e-04
8.094765655545776159e-04
1.182993485388811414e-03
1.690451513284491449e-03
2.364117699770655265e-03
3.238832472148561216e-03
4.350800596807487264e-03
5.736117696876883235e-03
7.429140488600050919e-03
9.460828821722272811e-03
1.185718985919837279e-02
1.463796441267191210e-02
1.781565350812242682e-02
2.139498593041947588e-02
2.537278366024879606e-02
2.973841647197321067e-02
3.447447794572507801e-02
3.955814112357607798e-02
4.496246046188685785e-02
5.065819208249718042e-02
5.661549216669220508e-02
6.280586317069412894e-02
6.920385046362073633e-02
7.578885046322809960e-02
8.254669485137662577e-02
8.947115603640445891e-02
9.656520259849230015e-02
1.038421539772468177e-01
1.113269762148357267e-01
1.190570663953327557e-01
1.270833433425037073e-01
1.354714203591163013e-01
1.443025759641984040e-01
1.536753182570938792e-01
1.637066323052519534e-01
1.745345137367895483e-01
1.863193043591364062e-01
1.992471753679803392e-01
2.135327956556390405e-01
2.294231059041549892e-01
2.472006647696480264e-01
2.671881697299275937e-01
2.897522443735832676e-01
3.153063960941169808e-01
3.443138904854199378e-01
3.772871225496112757e-01
4.147846587308020583e-01
4.574014880269525185e-01
5.057535668950866592e-01
5.604500666970086975e-01
6.220519533629520481e-01
6.910146124567688730e-01
7.676061408709206058e-01
8.518068666584612814e-01
9.431828045906464064e-01
1.040741144365177950e+00
1.142778236764392608e+00
1.246740949479019811e+00
1.349121325994952159e+00
1.445433751023140312e+00
1.530308480878742605e+00
1.597746797671095287e+00
1.641561227888244989e+00
1.656003494513319740e+00
1.636529108602089666e+00
1.580600043614417860e+00
1.488381352276418657e+00
1.363158205150958535e+00
1.211319396914062319e+00
1.041822495619510791e+00
8.651727945553832066e-01
6.920766730419717350e-01
5.320348541944200926e-01
3.921783786848480613e-01
2.765964596345497073e-01
1.862669080609485883e-01
1.195388158465113398e-01
7.297633847654390327e-02
4.230913573087287383e-02
2.326011191362567163e-02
1.210974118490770225e-02
5.963458741511183658e-03
2.775069082396134420e-03
1.219285530923768131e-03
5.054605330221921414e-04
1.975535566010105048e-04
7.268605979482454323e-05
2.505917285452937074e-05
7.953276146469804515e-06
2.147353249750580566e-06
2.634397426849534036e-07
-3.444677340732003217e-07
-5.643066789752410405e-07
-6.753071200321759346e-07
-7.598912511658557699e-07
-8.409308929125264942e-07
-9.243876540757214575e-07
-1.011715716963431401e-06
-1.103218349684757576e-06
-1.198925537012244139e-06
-1.298786080601617505e-06
-1.402730674182201047e-06
-1.510670350676110817e-06
-1.622509122243040626e-06
-1.738137788019002544e-06
-1.857439132613696191e-06
-1.980285718884188879e-06
-2.106545103283380693e-06
-2.236075599290519350e-06
-2.368727518391000102e-06
-2.504344927912303529e-06
-2.642768581668085148e-06
-2.783832258709389510e-06
-2.927367241953041435e-06
-3.073197780249701565e-06
-3.221141580645531450e-06
-3.371020854199870176e-06
-3.522646539287725551e-06
-3.675829669029298417e-06
-3.830376940592329705e-06
-3.986091879474060327e-06
-4.142774872374633219e-06
-4.300222746235325298e-06
-4.458232858311180757e-06
-4.616594285952271181e-06
-4.775098337628747083e-06
-4.933529978634226480e-06
-5.091676974674277618e-06
-5.249322030085090762e-06
-5.406247540684927024e-06
-5.562234604449295534e-06
-5.717067189191637135e-06
-5.870526948905523834e-06
-6.022398727333580497e-06
-6.172469855741868941e-06
-6.320529655374064557e-06
-6.466374125007824560e-06
-6.609802579806884379e-06
-6.750622254739975445e-06
-6.888647866767284995e-06
-7.023702415697725768e-06
-7.155619617423762167e-06
-7.284240832543444862e-06
-7.409425073351980679e-06
-7.531038810352975088e-06
-7.648964962022046266e-06
-7.763098430610208326e-06
-7.873352565954970842e-06
-7.979652930022429594e-06
-8.081942716407601590e-06
-8.180180521471668611e-06
-8.274340928225740150e-06
-8.364416254924900477e-06
-8.450411736951252543e-06
-8.532351607665125145e-06
-8.610273000947567986e-06
-8.684229521936484336e-06
-8.754286705117820305e-06
-8.820525183473253462e-06
