1.181642779519191161e-05
1.171084434362669108e-05
1.160336404055599978e-05
1.149398584008194861e-05
1.138269760908033895e-05
1.126950163938273604e-05
1.115439824707021774e-05
1.103738576442069332e-05
1.091846307798460332e-05
1.079764160637608444e-05
1.067492136690721788e-05
1.055031343050340124e-05
1.042383346822862765e-05
1.029549302953803020e-05
1.016530569952705305e-05
1.003329728031329336e-05
9.899481980448692097e-06
9.763888586476968185e-06
9.626543651157018014e-06
9.487481946306423224e-06
9.346734612814984185e-06
9.204337946380818726e-06
9.060332770393553071e-06
8.914765987804319764e-06
8.767681743402942342e-06
8.619131283569066661e-06
8.469172263079568605e-06
8.317860091218463121e-06
8.165257908665853211e-06
8.011433150868474995e-06
7.856450326618338804e-06
7.700388392472467598e-06
7.543320594945995415e-06
7.385328546618311437e-06
7.226501412505758090e-06
7.066924397629931133e-06
6.906687112393418138e-06
6.745888360379685262e-06
6.584630673786991242e-06
6.423013344615831361e-06
6.261140596292875570e-06
6.099126053513402906e-06
5.937082979527198881e-06
5.775126218197755099e-06
5.613372143747651177e-06
5.451948891286323242e-06
5.290971936736190730e-06
5.130572808841369782e-06
4.970878371000125910e-06
4.812015769611227204e-06
4.654119269928506039e-06
4.497319174120451058e-06
4.341745630073923961e-06
4.187536069716658069e-06
4.034820059717247088e-06
3.883732980726431939e-06
3.734404927337415112e-06
3.586967013461537038e-06
3.441546485415602179e-06
3.298272239733337014e-06
3.157266472375925254e-06
3.018654558180773466e-06
2.882550293509195277e-06
2.749066561805841104e-06
2.618322987653385590e-06
2.490414830182765274e-06
2.365443499326192148e-06
2.243509035278961034e-06
2.124694248597256967e-06
2.009084120357257273e-06
1.896754678341303366e-06
1.787777097389488079e-06
1.682209926358521911e-06
1.580116204158171582e-06
1.481560935225011328e-06
1.386615087772125142e-06
1.295393444391440878e-06
1.208100631082458218e-06
1.125148281887278392e-06
1.047393685339251291e-06
9.766091990899577718e-07
9.164248509230618444e-07
8.741495612748363815e-07
8.641798954640834650e-07
9.142976079035557498e-07
1.076970415704235221e-06
1.449008195369395297e-06
2.205022322561014842e-06
3.652398474833299299e-06
6.319167078405071272e-06
1.108968816799865677e-05
1.940710651469742130e-05
3.356435341158999712e-05
5.710605734266807431e-05
9.535949433916977055e-05
1.561023029107303840e-04
2.503558564343196327e-04
3.932642768636828530e-04
6.049833609778949460e-04
9.114633994968683638e-04
1.344972746782422410e-03
1.944188724474753532e-03
2.753678568975850664e-03
3.822634244693885047e-03
5.202789716164622595e-03
6.945560021569626222e-03
9.098557005479483359e-03
1.170179555707542667e-02
1.478396024705383276e-02
1.835916615294464274e-02
2.242470350567154005e-02
2.696004848116869898e-02
3.192740440495164117e-02
3.727374641246726517e-02
4.293426837778365618e-02
4.883691064560251316e-02
5.490744956507392915e-02
6.107475182184764206e-02
6.727565616843994567e-02
7.345942196753023345e-02
7.959066349024197795e-02
8.565217946553936590e-02
9.164568389005345317e-02
9.759241769105768405e-02
1.035330255978776232e-01
1.095265496842757341e-01
1.156498252525195031e-01
1.219965587874821400e-01
1.286770706748033288e-01
1.358183119982132314e-01
1.435643824075870101e-01
1.520781994751079225e-01
1.615430879483662485e-01
1.721661555226106644e-01
1.841812119512212520e-01
1.978531880669698595e-01
2.134825406222805311e-01
2.314098456467707510e-01
2.520203736588453869e-01
2.757478030138689196e-01
3.030758692000786181e-01
3.345390347937843845e-01
3.707163647313851951e-01
4.122215939414591857e-01
4.596839222701050165e-01
5.137168976021144751e-01
5.748739536173775866e-01
6.435865100804269989e-01
7.200829247651701071e-01
8.042877544604404294e-01
8.957034119748057410e-01
9.932836479111674111e-01
1.095305094341574526e+00
1.199263219382560974e+00
1.301812435847924609e+00
1.398781328114122147e+00
1.485298861933241232e+00
1.556041022453785061e+00
1.605625751875826346e+00
1.629123902086683673e+00
1.622647601478786061e+00
1.583935889636703509e+00
1.512842070896317059e+00
1.411603799144175442e+00
1.284824857666083231e+00
1.139119390431097667e+00
9.824512407210234111e-01
8.232578929418878921e-01
6.695156125825313387e-01
5.279058196387848012e-01
4.032294344762422655e-01
2.981525777763295859e-01
2.132897374529427736e-01
1.475594482432120713e-01
9.869988365753695758e-02
6.382241231478144594e-02
3.989863917683258987e-02
2.411887926980666591e-02
1.410327710707298850e-02
7.980989876906123201e-03
4.373550226062349749e-03
2.322585386296190622e-03
1.196291390531590507e-03
5.981907661243906701e-04
2.906867516734012720e-04
1.374254267951486674e-04
6.327794643652163986e-05
2.840917620012518459e-05
1.244798401995588751e-05
5.325763149915480780e-06
2.222982233123252153e-06
9.010393706978924860e-07
3.490417094671991931e-07
1.223755762253847277e-07
3.024594866441308880e-08
-7.365372784378199308e-09
-2.331194487129703246e-08
-3.081535486186752032e-08
-3.510025439618807216e-08
-3.819626983811632051e-08
-4.087984079419836859e-08
-4.344065928074746118e-08
-4.598849414166391114e-08
-4.856317136456430505e-08
-5.117711328600986153e-08
-5.383732224945697769e-08
-5.654602865485811009e-08
-5.930319122888097116e-08
-6.211054255123547534e-08
-6.496845641776084795e-08
-6.787834637520361205e-08
-7.084049245721775968e-08
-7.385667962271207143e-08
-7.692695558713480399e-08
-8.005230431520378858e-08
-8.323333122771403257e-08
-8.647104243375376745e-08
-8.976472286261648157e-08
-9.311427650184410288e-08
-9.651978042830884317e-08
-9.997978594070506379e-08
-1.034938084580966650e-07
-1.070585383530813010e-07
-1.106734502703197843e-07
-1.143349356128171144e-07
-1.180393893154874109e-07
-1.217836901260599837e-07
-1.255636590513676306e-07
-1.293728902758674354e-07
-1.332073560436871046e-07
-1.370600758826832854e-07
-1.409246678559965239e-07
-1.447946508135736584e-07
-1.486614180904444752e-07
-1.525168846786283097e-07
-1.563527797207607062e-07
-1.601595842478624860e-07
-1.639281188450299411e-07
-1.676486122961546310e-07
-1.713098739140714287e-07
-1.749028465095797708e-07
-1.784161131087733644e-07
-1.818386423160532610e-07
-1.851596088426923327e-07
-1.883682969264831800e-07
-1.914529019050080896e-07
-1.944029585153363840e-07
-1.972072271035176731e-07
-1.998546715055954580e-07
-2.023342646259633784e-07
-2.046362467970237506e-07
-2.067500005118691255e-07
-2.086652436830454934e-07
-2.103731393441322300e-07
-2.118644372783845456e-07
-2.131298252888560265e-07
