4.767192760797888797e-06
4.786837086359245009e-06
4.806348152047949068e-06
4.825705204755528028e-06
4.844873035614207833e-06
4.863816479749106706e-06
4.882503748246863401e-06
4.900890401665486859e-06
4.918943097796474805e-06
4.936620804288773822e-06
4.953876383037672321e-06
4.970669067746173588e-06
4.986949782812191108e-06
5.002670665495732993e-06
5.017781370642201345e-06
5.032228366679755433e-06
5.045957998519097311e-06
5.058912553512297462e-06
5.071036439019766326e-06
5.082269759111575117e-06
5.092544840728991256e-06
5.101804341051288250e-06
5.109980418323550601e-06
5.117003083415178018e-06
5.122808259178962705e-06
5.127321729380973782e-06
5.130472360879298073e-06
5.132188494855945160e-06
5.132394732322220791e-06
5.131016398018583969e-06
5.127974396501571140e-06
5.123195609806672658e-06
5.116601632029492259e-06
5.108113409092783245e-06
5.097654689368206683e-06
5.085146267083962182e-06
5.070513070500664412e-06
5.053676706613959539e-06
5.034562300351487416e-06
5.013096920308653897e-06
4.989208875324548854e-06
4.962824853135654439e-06
4.933884683274674911e-06
4.902317481044159899e-06
4.868061362611970558e-06
4.831063575601451739e-06
4.791270646385968995e-06
4.748632108862483413e-06
4.703105969654453092e-06
4.654653359653633715e-06
4.603246204058492420e-06
4.548856150897447654e-06
4.491469839264461972e-06
4.431075089001454749e-06
4.367673125293092399e-06
4.301271151507220132e-06
4.231881843140280914e-06
4.159537602749664365e-06
4.084271716681766134e-06
4.006134452256898843e-06
3.925181238185714559e-06
3.841480964150545245e-06
3.755115326807952287e-06
3.666178605572859757e-06
3.574774813327065325e-06
3.481019805595068127e-06
3.385044298133897442e-06
3.286986774067498916e-06
3.187003259957191495e-06
3.085257357529125522e-06
2.981928554357549776e-06
2.877210232258110012e-06
2.771302569640744791e-06
2.664444472592755586e-06
2.556911179037169956e-06
2.449072687345673410e-06
2.341513556573506093e-06
2.235277046129554080e-06
2.132374947303577430e-06
2.036852829375990113e-06
1.956791470962322840e-06
1.908069230771147661e-06
1.921042919052286341e-06
2.052041412560685714e-06
2.402337039518404131e-06
3.148275782578237653e-06
4.587376881769133659e-06
7.206171653641814772e-06
1.177638206294213099e-05
1.948614968161232244e-05
3.211250810568086846e-05
5.223939332974472302e-05
8.352265857858328746e-05
1.309993490628042119e-04
2.014328995239071619e-04
3.036801219589053968e-04
4.490597326359187539e-04
6.516957816120807091e-04
9.288048642605220692e-04
1.300892669306862861e-03
1.791823949157419441e-03
2.428733270348251792e-03
3.241745498496619721e-03
4.263486413057617982e-03
5.528371058887356602e-03
7.071673969419847890e-03
8.928397312271987157e-03
1.113198410510479915e-02
1.371292290660717367e-02
1.669731448891906278e-02
2.010551012703806067e-02
2.395089440114701526e-02
2.823893598659833401e-02
3.296658405075126447e-02
3.812211477862751524e-02
4.368548862629841045e-02
4.962921852609380319e-02
5.591977007978912728e-02
6.251941935087877711e-02
6.938860234921324921e-02
7.648833765798984663e-02
8.378316249468018007e-02
9.124368908078678286e-02
9.884935265141721328e-02
1.065909425664229165e-01
1.144726737193639404e-01
1.225141790161839855e-01
1.307520414465870862e-01
1.392412345019334308e-01
1.480563227704842499e-01
1.572925728519755650e-01
1.670673551575760640e-01
1.775214090167837322e-01
1.888209199183040199e-01
2.011595460713580252e-01
2.147613697030290036e-01
2.298842070754417433e-01
2.468234371322020337e-01
2.659162862844686726e-01
2.875461930997588733e-01
3.121466260147684468e-01
3.402045912029205144e-01
3.722610005462649307e-01
4.089084573109383336e-01
4.507832849569015643e-01
4.985491073365494463e-01
5.528696104533984412e-01
6.143659691086336139e-01
6.835549845986809148e-01
7.607643499705449841e-01
8.460217333096733405e-01
9.389196518058883223e-01
1.038457802373097483e+00
1.142878308920904251e+00
1.249512821605454072e+00
1.354673826223844024e+00
1.453633898402485247e+00
1.540735123032267229e+00
1.609678921071807212e+00
1.654016283581623004e+00
1.667831539742285152e+00
1.646561641947829280e+00
1.587835385321669124e+00
1.492165792822666814e+00
1.363320072444914599e+00
1.208212912443947351e+00
1.036260474552543887e+00
8.582548887514906966e-01
6.849563599508998735e-01
5.256892870511951088e-01
3.872447392362424190e-01
2.733126099974060308e-01
1.845195239734404857e-01
1.189852485858526737e-01
7.318884686110084525e-02
4.289514011237770263e-02
2.393170662745974092e-02
1.270032346129111242e-02
6.407489791963033067e-03
3.072070014391211409e-03
1.399450663588905613e-03
6.056709130473643789e-04
2.490211784868174346e-04
9.721657305086333885e-05
3.595354464261116191e-05
1.248188285406608947e-05
3.924322426589972520e-06
9.388319121470008183e-07
-7.339612507224573737e-08
-4.226526639888595761e-07
-5.606504791769717830e-07
-6.350981106611490150e-07
-6.918766442085082519e-07
-7.445295184688321629e-07
-7.968465026838107125e-07
-8.498275144186742662e-07
-9.037153002685903814e-07
-9.585670969245909772e-07
-1.014408147025087413e-06
-1.071268566778251671e-06
-1.129195315025045254e-06
-1.188249249021591444e-06
-1.248510255716473856e-06
-1.310072498902415918e-06
-1.373046106138172024e-06
-1.437553018466059598e-06
-1.503726021211298878e-06
-1.571707463157186860e-06
-1.641646483074321463e-06
-1.713696892588052996e-06
-1.788012382678684612e-06
-1.864748801814408425e-06
-1.944057020076422378e-06
-2.026081338126118790e-06
-2.110959604701929630e-06
-2.198816175108850020e-06
-2.289762307058391316e-06
-2.383891806507649167e-06
-2.481280744037716571e-06
-2.581983616157198599e-06
-2.686031163712283831e-06
-2.793428629638164572e-06
-2.904155779014688260e-06
-3.018160929891636647e-06
-3.135366003088442631e-06
-3.255659602098998891e-06
-3.378899234644992649e-06
-3.504910258556972701e-06
-3.633486238071547892e-06
-3.764387515044155867e-06
-3.897344314523487923e-06
-4.032051177730380560e-06
-4.168175261217796847e-06
-4.305353972136166268e-06
-4.443193996061180244e-06
-4.581278615136010314e-06
-4.719162707506999187e-06
-4.856379741283422188e-06
-4.992441379586391713e-06
-5.126841286451896982e-06
-5.259055799189144612e-06
-5.388547198406103654e-06
-5.514766014825175978e-06
-5.637155117956337179e-06
-5.755150519526701337e-06
-5.868184011551668018e-06
-5.975687893292159705e-06
-6.077095673693029323e-06
-6.171845984589463652e-06
-6.259384752555578555e-06
-6.339167173510381020e-06
-6.410661988569511977e-06
-6.473352306841121644e-06
-6.526739312386115736e-06
-6.570343744488954725e-06
-6.603708160194469381e-06
