   0.0000000e+00
   0.0000000e+00
   0.0000000e+00
   0.0000000e+00
   0.0000000e+00
   0.0000000e+00
   0.0000000e+00
   0.0000000e+00
   0.0000000e+00
   0.0000000e+00
   0.0000000e+00
   0.0000000e+00
   0.0000000e+00
   0.0000000e+00
   0.0000000e+00
   0.0000000e+00
   0.0000000e+00
   0.0000000e+00
   0.0000000e+00
   0.0000000e+00
   0.0000000e+00
   0.0000000e+00
   0.0000000e+00
   0.0000000e+00
   0.0000000e+00
   0.0000000e+00
   0.0000000e+00
   0.0000000e+00
   0.0000000e+00
   0.0000000e+00
   0.0000000e+00
   0.0000000e+00
   0.0000000e+00
   0.0000000e+00
   0.0000000e+00
   0.0000000e+00
   0.0000000e+00
   0.0000000e+00
   0.0000000e+00
   0.0000000e+00
   0.0000000e+00
   0.0000000e+00
   0.0000000e+00
   0.0000000e+00
   0.0000000e+00
   0.0000000e+00
   0.0000000e+00
   0.0000000e+00
   0.0000000e+00
   0.0000000e+00
   0.0000000e+00
   0.0000000e+00
   0.0000000e+00
   0.0000000e+00
   0.0000000e+00
   0.0000000e+00
   0.0000000e+00
   0.0000000e+00
   0.0000000e+00
   0.0000000e+00
   0.0000000e+00
   0.0000000e+00
   0.0000000e+00
   0.0000000e+00
   0.0000000e+00
   0.0000000e+00
   0.0000000e+00
   0.0000000e+00
   0.0000000e+00
   0.0000000e+00
   0.0000000e+00
   0.0000000e+00
   0.0000000e+00
   0.0000000e+00
   0.0000000e+00
   0.0000000e+00
   0.0000000e+00
   0.0000000e+00
   0.0000000e+00
   0.0000000e+00
   0.0000000e+00
   0.0000000e+00
   0.0000000e+00
   0.0000000e+00
   0.0000000e+00
   0.0000000e+00
   0.0000000e+00
   0.0000000e+00
   0.0000000e+00
   0.0000000e+00
   0.0000000e+00
   0.0000000e+00
   0.0000000e+00
   0.0000000e+00
   0.0000000e+00
   0.0000000e+00
   0.0000000e+00
   0.0000000e+00
   0.0000000e+00
   0.0000000e+00
   0.0000000e+00
   0.0000000e+00
   0.0000000e+00
   0.0000000e+00
   0.0000000e+00
   0.0000000e+00
   0.0000000e+00
   0.0000000e+00
   0.0000000e+00
   0.0000000e+00
   0.0000000e+00
   0.0000000e+00
   0.0000000e+00
   0.0000000e+00
   0.0000000e+00
   0.0000000e+00
   0.0000000e+00
   0.0000000e+00
   3.5653898e-06
   7.6765484e-06
   1.6177749e-05
   3.3370923e-05
   6.7375780e-05
   1.3313581e-04
   2.5745096e-04
   4.8712407e-04
   9.0167872e-04
   1.6324474e-03
   2.8899990e-03
   5.0016484e-03
   8.4598686e-03
   1.3980467e-02
   2.2566139e-02
   3.5566426e-02
   5.4719669e-02
   8.2157230e-02
   1.2034693e-01
   1.7195346e-01
   2.3960085e-01
   3.2553675e-01
   4.3122050e-01
   5.5688213e-01
   7.0112324e-01
   8.6064380e-01
   1.0301763e+00
   1.2026843e+00
   1.3698414e+00
   1.5227507e+00
   1.6528151e+00
   1.7526294e+00
   1.8167556e+00
   1.8422579e+00
   1.8289220e+00
   1.7791388e+00
   1.6974938e+00
   1.5901482e+00
   1.4641212e+00
   1.3265857e+00
   1.1842644e+00
   1.0429853e+00
   9.0741693e-01
   7.8097344e-01
   6.6586026e-01
   5.6321663e-01
   4.7331348e-01
   3.9576919e-01
   3.2975570e-01
   2.7417746e-01
   2.2781482e-01
   1.8943050e-01
   1.5784221e-01
   1.3196703e-01
   1.1084404e-01
   9.3641231e-02
   7.9652016e-02
   6.8285504e-02
   5.9053624e-02
   5.1557193e-02
   4.5472300e-02
   4.0537773e-02
   3.6544103e-02
   3.3323946e-02
   3.0744148e-02
   2.8699147e-02
   2.7105597e-02
   2.5898002e-02
   2.5025201e-02
   2.4447535e-02
   2.4134550e-02
   2.4063123e-02
   2.4215898e-02
   2.4579957e-02
   2.5145638e-02
   2.5905465e-02
   2.6853114e-02
   2.7982421e-02
   2.9286374e-02
   3.0756111e-02
   3.2379936e-02
   3.4142361e-02
   3.6023246e-02
   3.7997082e-02
   4.0032500e-02
   4.2092077e-02
   4.4132528e-02
   4.6105335e-02
   4.7957857e-02
   4.9634937e-02
   5.1080937e-02
   5.2242140e-02
   5.3069357e-02
   5.3520572e-02
   5.3563422e-02
   5.3177289e-02
   5.2354826e-02
   5.1102755e-02
   4.9441855e-02
   4.7406104e-02
   4.5041053e-02
   4.2401542e-02
   3.9548950e-02
   3.6548186e-02
   3.3464664e-02
   3.0361466e-02
   2.7296869e-02
   2.4322392e-02
   2.1481403e-02
   1.8808341e-02
   1.6328507e-02
   1.4058348e-02
   1.2006153e-02
   1.0173038e-02
   8.5541107e-03
   7.1397155e-03
   5.9166645e-03
   4.8693888e-03
   3.9809604e-03
   3.2339578e-03
   2.6111607e-03
   2.0960795e-03
   1.6733284e-03
   1.3288642e-03
   1.0501104e-03
   8.2599134e-04
   6.4689784e-04
   5.0460481e-04
   3.9215760e-04
   3.0374130e-04
   2.3454362e-04
   1.8061954e-04
   1.3876309e-04
   1.0638980e-04
   8.1431626e-05
   6.2245075e-05
   4.7532248e-05
   3.6274092e-05
