2.045325820011885758e-10
2.049085311174546371e-10
2.076282380983166086e-10
2.111445632688188983e-10
2.130531294663482416e-10
2.155750283736690119e-10
2.194108543729568004e-10
2.245227881898183285e-10
2.306368377878398195e-10
2.386843911642218261e-10
2.449649835972233560e-10
2.563604083345980315e-10
2.673733823132184827e-10
2.799668860756795193e-10
2.953829058571908628e-10
3.156185335086538744e-10
3.367084641750124038e-10
3.638187812970740372e-10
3.948303270476796306e-10
4.308913937773985252e-10
4.764896913669847631e-10
5.270438012451282409e-10
5.894698847155199075e-10
6.650666030269127809e-10
7.542321837762997147e-10
8.622489737974079945e-10
9.920803075239633453e-10
1.149001768661138166e-09
1.339693059683585152e-09
1.571673627800859744e-09
1.855467755571474096e-09
2.202244573741238572e-09
2.625168177452462077e-09
3.147978169250000753e-09
3.792322348822119949e-09
4.590364688155626148e-09
5.577884518691974798e-09
6.812270818814694046e-09
8.351651854413648778e-09
1.027857776238012519e-08
1.270025784513104770e-08
1.574882448904700000e-08
1.959996227696783715e-08
2.447693245779924170e-08
3.066937336586507328e-08
3.855068017958227035e-08
4.860986815252432362e-08
6.147800273890204169e-08
7.797451117220688836e-08
9.916729518549207791e-08
1.264479620623161242e-07
1.616349255554768188e-07
2.070892457209649551e-07
2.659039902954071741e-07
3.421140662104309527e-07
4.409740668114351070e-07
5.693569269192448655e-07
7.362112454169300141e-07
9.532041964609400963e-07
1.235512363932010600e-06
1.602870999408598824e-06
2.080882298212226018e-06
2.702698874083204807e-06
3.511158682053316687e-06
4.561474725736057208e-06
5.924589604546676733e-06
7.691369351330446246e-06
9.977760002260436332e-06
1.293116638685789508e-05
1.673810267119394931e-05
2.163352236485091985e-05
2.791184533361105736e-05
3.593998507163125592e-05
4.617247741727526644e-05
5.916887747459772287e-05
7.561332979256951063e-05
9.633632443048329949e-05
1.223382453163201480e-04
1.548145413969958910e-04
1.951812751968480032e-04
2.451013035843131347e-04
3.065076637924056698e-04
3.816263173421652766e-04
4.729920231251129228e-04
5.834603235108657207e-04
7.162104366093862340e-04
8.747373535484489777e-04
1.062834965526886655e-03
1.284563601074278959e-03
1.544206348870223950e-03
1.846213701718303233e-03
2.195130742411822988e-03
2.595518805505780350e-03
3.051874932647839593e-03
3.568536955850567724e-03
4.149595288642959207e-03
4.798819696098432543e-03
5.519591679458698413e-03
6.314858397813882980e-03
7.187110766649616213e-03
8.138385867081633640e-03
9.170314674989432993e-03
1.028418996774253975e-02
1.148108229856922326e-02
1.276198112680015061e-02
1.412797353490151744e-02
1.558043702214780696e-02
1.712129356716306922e-02
1.875326250524014457e-02
2.048011164150352267e-02
2.230697751858857006e-02
2.424065436250584168e-02
2.628992710868783764e-02
2.846589202044460046e-02
3.078232599311058956e-02
3.325610005968569760e-02
3.590758456794403142e-02
3.876112417298271245e-02
4.184553874848545574e-02
4.519485074300712280e-02
4.884874516782541226e-02
5.285371332691935625e-02
5.726365666918925568e-02
6.214109735124766914e-02
6.755851242627393394e-02
7.359954381885781827e-02
8.036074239860870050e-02
8.795322601126129292e-02
9.650476007447736371e-02
1.061618651261576757e-01
1.170919553139284641e-01
1.294858910074441760e-01
1.435598244533703438e-01
1.595576984003638787e-01
1.777523190759153493e-01
1.984464302548787917e-01
2.219722578254564316e-01
2.486892570434872940e-01
2.789797849692637333e-01
3.132414426425640386e-01
3.518749198464549699e-01
3.952687903782695633e-01
4.437755701258896401e-01
4.976836609002875944e-01
5.571814057628309280e-01
6.223133539494006827e-01
6.929315160648072958e-01
7.686419794649999027e-01
8.487506121606515075e-01
9.322129796365060672e-01
1.017593929575710598e+00
1.103048365704166534e+00
1.186324101031805522e+00
1.264805002754884500e+00
1.335593489151381430e+00
1.395637654579565456e+00
1.441909441447735807e+00
1.471607159580953006e+00
1.482390377612367471e+00
1.472607744633234850e+00
1.441496347749994245e+00
1.389325249814289398e+00
1.317460331767175807e+00
1.228322926046371721e+00
1.125250246847401048e+00
1.012258914434077672e+00
8.937402148761165455e-01
7.741190914090231301e-01
6.575236814609446423e-01
5.475003561596136770e-01
4.468095642655574018e-01
3.573184338010770844e-01
2.799934956632330607e-01
2.149809948513156932e-01
1.617506718983503511e-01
1.192765317719560875e-01
8.622425260679894565e-02
6.112280360343860797e-02
4.250512833970353233e-02
2.900925501767439088e-02
1.944051615457786930e-02
1.279962567593833332e-02
8.284525775261029901e-03
5.274714798493828141e-03
3.305865166194015426e-03
2.040947487651915797e-03
1.242085335527856995e-03
7.456943330189877992e-04
4.419552923333281238e-04
2.587731296425434561e-04
1.497937552339959272e-04
8.578360540177137276e-05
4.863427161764306595e-05
2.731406692575096175e-05
1.520544359155756407e-05
8.395118750904932660e-06
4.599359536904767696e-06
2.501603930285424238e-06
1.351382563431431839e-06
7.253427042024702794e-07
3.869539032501500357e-07
2.052355297808938463e-07
1.082493666863035714e-07
5.678969099354512429e-08
2.963808035069339117e-08
1.538922813165882713e-08
7.951143823997307674e-09
4.087985334586913101e-09
2.091947278452133605e-09
1.065345919440285415e-09
5.401125706540788848e-10
2.730448601044362139e-10
1.379045309965780007e-10
6.966873957013103762e-11
3.520402902456473542e-11
1.834772115181976943e-11
1.013821812145958915e-11
5.857029799882782712e-12
3.749083977666532510e-12
2.954685522365418890e-12
2.353451489287882518e-12
2.224985618197746565e-12
2.134055747063995790e-12
1.969804793076190394e-12
2.059094127934064787e-12
2.172771256408249141e-12
2.231943100504424322e-12
2.187184545620784443e-12
2.103196470793640525e-12
2.150006193474694732e-12
2.502885070669882801e-12
2.553104146404770205e-12
2.382112963237784450e-12
2.452931662963950864e-12
2.560028624690760832e-12
2.633678469629849830e-12
2.687866083744880828e-12
2.784576166563197241e-12
2.535116546330438823e-12
2.677548709956602683e-12
2.525670441133863734e-12
2.665443872936706424e-12
2.821465997562395070e-12
2.792050281092724171e-12
2.738403835595632238e-12
2.787757111520665186e-12
2.733731363980704070e-12
2.975727204557967409e-12
2.890647618556765323e-12
2.886838079472076802e-12
2.834341768564202864e-12
2.885398605879331004e-12
2.972134199411654239e-12
2.998704049399711688e-12
2.860688825000021537e-12
2.972759367482623376e-12
