-8.108712088911607124e-06
-8.041883261519337269e-06
-7.973845745833641382e-06
-7.904599857916866048e-06
-7.834140864623235926e-06
-7.762470878611414885e-06
-7.689586351422429911e-06
-7.615486537749224306e-06
-7.540174524662386276e-06
-7.463654083138707351e-06
-7.385931311749893152e-06
-7.307009977460796688e-06
-7.226899309713138356e-06
-7.145606445125985365e-06
-7.063141262157622820e-06
-6.979522961250069973e-06
-6.894759258880198365e-06
-6.808867936099905723e-06
-6.721873247936445756e-06
-6.633790474856962587e-06
-6.544642075130466197e-06
-6.454452420312187102e-06
-6.363248451947362318e-06
-6.271061289798344279e-06
-6.177923131899688661e-06
-6.083862172590536861e-06
-5.988916848621534648e-06
-5.893126045707925457e-06
-5.796529438125876466e-06
-5.699169944865832659e-06
-5.601094534841907881e-06
-5.502350512166974849e-06
-5.402987258671374330e-06
-5.303057228210901414e-06
-5.202616308362362637e-06
-5.101718573923471885e-06
-5.000424916310638088e-06
-4.898799356686167202e-06
-4.796903529770020887e-06
-4.694804338756572997e-06
-4.592567801414601730e-06
-4.490262619105823267e-06
-4.387963206270233052e-06
-4.285740653177834018e-06
-4.183667096707560007e-06
-4.081818348365358868e-06
-3.980271475298919412e-06
-3.879097378046518485e-06
-3.778383593317070471e-06
-3.678200234516023056e-06
-3.578625809379145342e-06
-3.479739856743999499e-06
-3.381616644549668661e-06
-3.284326729524324321e-06
-3.187952765945893001e-06
-3.092560016480497285e-06
-2.998219854709362316e-06
-2.905000948493671320e-06
-2.812957066123350769e-06
-2.722156342205755933e-06
-2.632642526151975815e-06
-2.544460729913106288e-06
-2.457640634795250646e-06
-2.372199611317542797e-06
-2.288136026774394139e-06
-2.205416017311609090e-06
-2.123967482126870188e-06
-2.043653410164548638e-06
-1.964251519752057665e-06
-1.885397273669699548e-06
-1.806529525960778502e-06
-1.726767248639638114e-06
-1.644751664582047698e-06
-1.558392339361755524e-06
-1.464448582201917149e-06
-1.357937796773960521e-06
-1.231164787695222430e-06
-1.072266369979828830e-06
-8.629589442263551295e-07
-5.751248335483480465e-07
-1.656172140092229467e-07
4.315491005700886834e-07
1.316863367800699013e-06
2.642582356358470973e-06
4.637975787792378829e-06
7.645856091985918395e-06
1.217467002423739897e-05
1.897165072779702716e-05
2.912383099391595076e-05
4.419483061059051814e-05
6.640612495711614770e-05
9.887142879499184603e-05
1.458914400011965457e-04
2.133127874150410276e-04
3.089486187382021912e-04
4.430491405073838239e-04
6.287977599187693535e-04
8.827924543615751386e-04
1.225455276669630859e-03
1.681296733627927163e-03
2.278949967375232168e-03
3.050887930930389156e-03
4.032744770136390856e-03
5.262191057712355124e-03
6.777352736561781561e-03
8.614822511038105340e-03
1.080737484666179776e-02
1.338156766948606080e-02
1.635545310862993734e-02
1.973665021501837258e-02
2.352104085666362546e-02
2.769227917956790241e-02
3.222225694843262184e-02
3.707254368550094714e-02
4.219673639035943780e-02
4.754354152872294903e-02
5.306032048881697410e-02
5.869682289464064201e-02
6.440880040347561619e-02
7.016130584081924082e-02
7.593133264354030854e-02
8.170998182205760352e-02
8.750375589081806071e-02
9.333539561397526108e-02
9.924422781116294667e-02
1.052861135613174515e-01
1.115333777119002084e-01
1.180747192507885235e-01
1.250154198791258719e-01
1.324778871811744529e-01
1.406026640585646137e-01
1.495500952447950394e-01
1.595024456330572660e-01
1.706668413166225196e-01
1.832785605101978910e-01
1.976049823896605107e-01
2.139497552874640163e-01
2.326569988099802533e-01
2.541151618118075439e-01
2.787598745864128258e-01
3.070748644263762706e-01
3.395902180767302880e-01
3.768755958559293906e-01
4.195274585430756042e-01
4.681473720656863513e-01
5.233087911833271821e-01
5.855099467782716172e-01
6.551102115839555484e-01
7.322486011152560259e-01
8.167448804253193417e-01
9.079865375680911121e-01
1.004809988978261126e+00
1.105387539021821519e+00
1.207140593080969992e+00
1.306701909647051574e+00
1.399954230969942426e+00
1.482172313509402706e+00
1.548283378082173201e+00
1.593252318010168311e+00
1.612568393323913885e+00
1.602786780283151691e+00
1.562050879185750585e+00
1.490505549636423011e+00
1.390507174675510660e+00
1.266564320579165237e+00
1.124981284896336975e+00
9.732377266119386361e-01
8.191934789964403496e-01
6.702513538544696559e-01
5.326204181339102561e-01
4.108005590525642403e-01
3.073572442206672362e-01
2.229899757446920372e-01
1.568384997126234248e-01
1.069320330749448239e-01
7.067726362208538726e-02
4.529634918300668583e-02
2.815899662714555982e-02
1.698879823200401609e-02
9.953579803970461978e-03
5.667624738759810717e-03
3.139136794887371906e-03
1.692887716694895395e-03
8.898155837026011910e-04
4.563159199173461803e-04
2.285064147297837293e-04
1.117807812180295199e-04
5.337160842135320327e-05
2.477575484201445494e-05
1.104888209258826782e-05
4.569219180698797872e-06
1.547624246920797110e-06
1.441311951458290316e-07
-5.156739767298280799e-07
-8.392522932984557720e-07
-1.013131098485241279e-06
-1.121351908342954752e-06
-1.201266859964993294e-06
-1.269297769547787772e-06
-1.332630886016706640e-06
-1.394429958952966467e-06
-1.456138120768017397e-06
-1.518474229899106791e-06
-1.581862548655868129e-06
-1.646616779761940467e-06
-1.713009662097279672e-06
-1.781307406951646990e-06
-1.851779838843669721e-06
-1.924698810580608575e-06
-2.000342892821886113e-06
-2.078989842936441635e-06
-2.160914696465466501e-06
-2.246388693369143057e-06
-2.335670139160922420e-06
-2.429006648927340916e-06
-2.526625256944723596e-06
-2.628737027212937818e-06
-2.735523412939229217e-06
-2.847141175646550192e-06
-2.963716492700759462e-06
-3.085340623682728886e-06
-3.212069683268588169e-06
-3.343922322197561701e-06
-3.480873303022726560e-06
-3.622860837151570401e-06
-3.769774216820629614e-06
-3.921462705427068277e-06
-4.077728800200525959e-06
-4.238330249540777675e-06
-4.402980283062058476e-06
-4.571347586794083435e-06
-4.743055105700318840e-06
-4.917688374752869052e-06
-5.094786656515283807e-06
-5.273854070081527834e-06
-5.454355258997847947e-06
-5.635720926049685246e-06
-5.817351187296744070e-06
-5.998614017170246812e-06
-6.178854227479223624e-06
-6.357392085378268277e-06
-6.533526968617712958e-06
-6.706545244924518128e-06
-6.875717018376139153e-06
-7.040305123779884635e-06
-7.199566298451015397e-06
-7.352755095086083521e-06
-7.499127382902467366e-06
-7.637944554141231531e-06
-7.768476632004627522e-06
-7.890005306133903449e-06
-8.001828036108308239e-06
-8.103260502162081517e-06
-8.193640940770351540e-06
-8.272331831920919139e-06
-8.338724530983003899e-06
