   9.0560243e-02
   8.4307811e-02
   7.8070360e-02
   7.1854929e-02
   6.5668861e-02
   5.9519805e-02
   5.3415715e-02
   4.7364845e-02
   4.1375743e-02
   3.5457250e-02
   2.9618486e-02
   2.3868843e-02
   1.8217973e-02
   1.2675774e-02
   7.2523737e-03
   1.9581100e-03
   0.0000000e+00
   0.0000000e+00
   0.0000000e+00
   0.0000000e+00
   0.0000000e+00
   0.0000000e+00
   0.0000000e+00
   0.0000000e+00
   0.0000000e+00
   0.0000000e+00
   0.0000000e+00
   0.0000000e+00
   0.0000000e+00
   0.0000000e+00
   0.0000000e+00
   0.0000000e+00
   0.0000000e+00
   0.0000000e+00
   0.0000000e+00
   0.0000000e+00
   0.0000000e+00
   0.0000000e+00
   0.0000000e+00
   0.0000000e+00
   0.0000000e+00
   0.0000000e+00
   0.0000000e+00
   0.0000000e+00
   0.0000000e+00
   0.0000000e+00
   0.0000000e+00
   0.0000000e+00
   0.0000000e+00
   0.0000000e+00
   0.0000000e+00
   0.0000000e+00
   0.0000000e+00
   0.0000000e+00
   0.0000000e+00
   0.0000000e+00
   2.2771923e-03
   7.8254885e-03
   1.3438876e-02
   1.9083940e-02
   2.4725611e-02
   3.0327307e-02
   3.5851084e-02
   4.1257819e-02
   4.6507415e-02
   5.1559033e-02
   5.6371340e-02
   6.0902795e-02
   6.5111945e-02
   6.8957751e-02
   7.2399939e-02
   7.5399361e-02
   7.7918380e-02
   7.9921276e-02
   8.1374653e-02
   8.2247863e-02
   8.2513440e-02
   8.2147527e-02
   8.1130305e-02
   7.9446418e-02
   7.7085386e-02
   7.4041993e-02
   7.0316663e-02
   6.5915801e-02
   6.0852106e-02
   5.5144835e-02
   4.8820032e-02
   4.1910699e-02
   3.4456915e-02
   2.6505890e-02
   1.8111956e-02
   9.3364905e-03
   2.4775905e-04
   0.0000000e+00
   0.0000000e+00
   0.0000000e+00
   0.0000000e+00
   0.0000000e+00
   0.0000000e+00
   0.0000000e+00
   0.0000000e+00
   0.0000000e+00
   0.0000000e+00
   0.0000000e+00
   0.0000000e+00
   0.0000000e+00
   0.0000000e+00
   0.0000000e+00
   0.0000000e+00
   0.0000000e+00
   0.0000000e+00
   0.0000000e+00
   0.0000000e+00
   0.0000000e+00
   0.0000000e+00
   0.0000000e+00
   0.0000000e+00
   0.0000000e+00
   0.0000000e+00
   0.0000000e+00
   4.0285937e-03
   2.5253098e-02
   4.8194728e-02
   7.2791329e-02
   9.8967783e-02
   1.2663634e-01
   1.5569705e-01
   1.8603831e-01
   2.1753748e-01
   2.5006166e-01
   2.8346848e-01
   3.1760700e-01
   3.5231870e-01
   3.8743851e-01
   4.2279592e-01
   4.5821610e-01
   4.9352105e-01
   5.2853087e-01
   5.6306489e-01
   5.9694298e-01
   6.2998668e-01
   6.6202048e-01
   6.9287295e-01
   7.2237794e-01
   7.5037565e-01
   7.7671371e-01
   8.0124822e-01
   8.2384463e-01
   8.4437870e-01
   8.6273723e-01
   8.7881885e-01
   8.9253461e-01
   9.0380855e-01
   9.1257817e-01
   9.1879478e-01
   9.2242380e-01
   9.2344489e-01
   9.2185207e-01
   9.1765370e-01
   9.1087234e-01
   9.0154457e-01
   8.8972067e-01
   8.7546429e-01
   8.5885191e-01
   8.3997235e-01
   8.1892612e-01
   7.9582473e-01
   7.7078997e-01
   7.4395302e-01
   7.1545365e-01
   6.8543930e-01
   6.5406408e-01
   6.2148784e-01
   5.8787513e-01
   5.5339419e-01
   5.1821589e-01
   4.8251271e-01
   4.4645767e-01
   4.1022334e-01
   3.7398080e-01
   3.3789863e-01
   3.0214201e-01
   2.6687170e-01
   2.3224325e-01
   1.9840607e-01
   1.6550270e-01
   1.3366802e-01
   1.0302860e-01
   7.3702094e-02
   4.5796624e-02
   1.9410343e-02
   0.0000000e+00
   0.0000000e+00
   0.0000000e+00
   0.0000000e+00
   0.0000000e+00
   0.0000000e+00
   0.0000000e+00
   0.0000000e+00
   0.0000000e+00
   0.0000000e+00
   0.0000000e+00
   0.0000000e+00
   0.0000000e+00
   0.0000000e+00
   0.0000000e+00
   0.0000000e+00
   0.0000000e+00
   0.0000000e+00
   0.0000000e+00
   0.0000000e+00
   0.0000000e+00
   0.0000000e+00
   0.0000000e+00
   0.0000000e+00
   0.0000000e+00
   0.0000000e+00
   0.0000000e+00
   0.0000000e+00
   0.0000000e+00
   0.0000000e+00
   0.0000000e+00
   1.2378490e-02
   2.5401641e-02
   3.7963759e-02
   4.9950479e-02
   6.1251429e-02
   7.1760687e-02
   8.1377197e-02
   9.0005142e-02
   9.7554286e-02
   1.0394027e-01
   1.0908486e-01
   1.1291617e-01
   1.1536883e-01
   1.1638412e-01
   1.1591005e-01
   1.1390144e-01
   1.1031988e-01
   1.0513377e-01
   9.8318205e-02
   8.9854904e-02
   7.9732074e-02
   6.7944252e-02
   5.4492110e-02
   3.9382243e-02
   2.2626917e-02
   4.2438092e-03
   0.0000000e+00
   0.0000000e+00
   0.0000000e+00
   0.0000000e+00
   0.0000000e+00
   0.0000000e+00
   0.0000000e+00
   0.0000000e+00
