   7.1935564e-04
   2.9863856e-06
   0.0000000e+00
   0.0000000e+00
   0.0000000e+00
   0.0000000e+00
   0.0000000e+00
   0.0000000e+00
   0.0000000e+00
   0.0000000e+00
   0.0000000e+00
   0.0000000e+00
   0.0000000e+00
   0.0000000e+00
   0.0000000e+00
   0.0000000e+00
   0.0000000e+00
   0.0000000e+00
   0.0000000e+00
   0.0000000e+00
   0.0000000e+00
   0.0000000e+00
   0.0000000e+00
   0.0000000e+00
   0.0000000e+00
   0.0000000e+00
   0.0000000e+00
   0.0000000e+00
   0.0000000e+00
   0.0000000e+00
   0.0000000e+00
   0.0000000e+00
   0.0000000e+00
   0.0000000e+00
   0.0000000e+00
   0.0000000e+00
   0.0000000e+00
   0.0000000e+00
   0.0000000e+00
   0.0000000e+00
   0.0000000e+00
   0.0000000e+00
   0.0000000e+00
   0.0000000e+00
   0.0000000e+00
   0.0000000e+00
   0.0000000e+00
   0.0000000e+00
   0.0000000e+00
   0.0000000e+00
   0.0000000e+00
   0.0000000e+00
   0.0000000e+00
   0.0000000e+00
   0.0000000e+00
   0.0000000e+00
   0.0000000e+00
   0.0000000e+00
   0.0000000e+00
   0.0000000e+00
   0.0000000e+00
   0.0000000e+00
   0.0000000e+00
   0.0000000e+00
   0.0000000e+00
   0.0000000e+00
   0.0000000e+00
   0.0000000e+00
   0.0000000e+00
   0.0000000e+00
   0.0000000e+00
   0.0000000e+00
   0.0000000e+00
   0.0000000e+00
   0.0000000e+00
   0.0000000e+00
   0.0000000e+00
   0.0000000e+00
   0.0000000e+00
   0.0000000e+00
   0.0000000e+00
   0.0000000e+00
   0.0000000e+00
   0.0000000e+00
   0.0000000e+00
   0.0000000e+00
   0.0000000e+00
   0.0000000e+00
   0.0000000e+00
   0.0000000e+00
   0.0000000e+00
   0.0000000e+00
   0.0000000e+00
   0.0000000e+00
   0.0000000e+00
   0.0000000e+00
   0.0000000e+00
   0.0000000e+00
   0.0000000e+00
   0.0000000e+00
   0.0000000e+00
   0.0000000e+00
   0.0000000e+00
   0.0000000e+00
   0.0000000e+00
   0.0000000e+00
   0.0000000e+00
   0.0000000e+00
   0.0000000e+00
   0.0000000e+00
   4.6180152e-06
   4.1964432e-05
   2.7951709e-04
   1.3949531e-03
   5.3332682e-03
   1.5976008e-02
   3.8352952e-02
   7.5474978e-02
   1.2452082e-01
   1.7609762e-01
   2.1816221e-01
   2.4181948e-01
   2.4474350e-01
   2.3058750e-01
   2.0594944e-01
   1.7734114e-01
   1.4951001e-01
   1.2512376e-01
   1.0521529e-01
   8.9821512e-02
   7.8514562e-02
   7.0746250e-02
   6.6035054e-02
   6.4053509e-02
   6.4665427e-02
   6.7945692e-02
   7.4201308e-02
   8.4002601e-02
   9.8226658e-02
   1.1810882e-01
   1.4529045e-01
   1.8184057e-01
   2.3021739e-01
   2.9312492e-01
   3.7321834e-01
   4.7262894e-01
   5.9232412e-01
   7.3138937e-01
   8.8640207e-01
   1.0511212e+00
   1.2167066e+00
   1.3725690e+00
   1.5077651e+00
   1.6126551e+00
   1.6804099e+00
   1.7079878e+00
   1.6963496e+00
   1.6499250e+00
   1.5755466e+00
   1.4811683e+00
   1.3746793e+00
   1.2630143e+00
   1.1516384e+00
   1.0443771e+00
   9.4349909e-01
   8.4994948e-01
   7.6364454e-01
   6.8377337e-01
   6.0908203e-01
   5.3814151e-01
   4.6961155e-01
   4.0251132e-01
   3.3648565e-01
   2.7202206e-01
   2.1053023e-01
   1.5417885e-01
   1.0542648e-01
   6.6309736e-02
   3.7727391e-02
   1.9062775e-02
   8.3829747e-03
   3.1386500e-03
   9.7693155e-04
   2.4635855e-04
   4.8952777e-05
   7.4383399e-06
   0.0000000e+00
   0.0000000e+00
   0.0000000e+00
   0.0000000e+00
   0.0000000e+00
   0.0000000e+00
   0.0000000e+00
   0.0000000e+00
   0.0000000e+00
   0.0000000e+00
   0.0000000e+00
   0.0000000e+00
   0.0000000e+00
   0.0000000e+00
   0.0000000e+00
   0.0000000e+00
   0.0000000e+00
   0.0000000e+00
   0.0000000e+00
   0.0000000e+00
   0.0000000e+00
   0.0000000e+00
   0.0000000e+00
   0.0000000e+00
   0.0000000e+00
   0.0000000e+00
   0.0000000e+00
   0.0000000e+00
   0.0000000e+00
   0.0000000e+00
   0.0000000e+00
   0.0000000e+00
   0.0000000e+00
   0.0000000e+00
   0.0000000e+00
   0.0000000e+00
   0.0000000e+00
   0.0000000e+00
   0.0000000e+00
   0.0000000e+00
   0.0000000e+00
   0.0000000e+00
   0.0000000e+00
   0.0000000e+00
   0.0000000e+00
   0.0000000e+00
   0.0000000e+00
   0.0000000e+00
   0.0000000e+00
   0.0000000e+00
   0.0000000e+00
   0.0000000e+00
   0.0000000e+00
   0.0000000e+00
   0.0000000e+00
   0.0000000e+00
   0.0000000e+00
   0.0000000e+00
   0.0000000e+00
   0.0000000e+00
   0.0000000e+00
   0.0000000e+00
   0.0000000e+00
   0.0000000e+00
   0.0000000e+00
   0.0000000e+00
   0.0000000e+00
   0.0000000e+00
   0.0000000e+00
   0.0000000e+00
