   6.0094073e-05
   9.5326668e-06
   0.0000000e+00
   0.0000000e+00
   0.0000000e+00
   0.0000000e+00
   0.0000000e+00
   0.0000000e+00
   0.0000000e+00
   0.0000000e+00
   0.0000000e+00
   0.0000000e+00
   0.0000000e+00
   0.0000000e+00
   0.0000000e+00
   0.0000000e+00
   0.0000000e+00
   0.0000000e+00
   0.0000000e+00
   0.0000000e+00
   0.0000000e+00
   0.0000000e+00
   0.0000000e+00
   0.0000000e+00
   0.0000000e+00
   0.0000000e+00
   0.0000000e+00
   0.0000000e+00
   0.0000000e+00
   0.0000000e+00
   0.0000000e+00
   0.0000000e+00
   0.0000000e+00
   0.0000000e+00
   0.0000000e+00
   0.0000000e+00
   0.0000000e+00
   0.0000000e+00
   0.0000000e+00
   0.0000000e+00
   0.0000000e+00
   0.0000000e+00
   0.0000000e+00
   0.0000000e+00
   0.0000000e+00
   0.0000000e+00
   0.0000000e+00
   0.0000000e+00
   0.0000000e+00
   0.0000000e+00
   0.0000000e+00
   0.0000000e+00
   0.0000000e+00
   0.0000000e+00
   0.0000000e+00
   0.0000000e+00
   0.0000000e+00
   0.0000000e+00
   0.0000000e+00
   0.0000000e+00
   0.0000000e+00
   0.0000000e+00
   0.0000000e+00
   0.0000000e+00
   0.0000000e+00
   0.0000000e+00
   0.0000000e+00
   0.0000000e+00
   0.0000000e+00
   0.0000000e+00
   0.0000000e+00
   0.0000000e+00
   0.0000000e+00
   0.0000000e+00
   0.0000000e+00
   0.0000000e+00
   0.0000000e+00
   0.0000000e+00
   0.0000000e+00
   0.0000000e+00
   0.0000000e+00
   0.0000000e+00
   0.0000000e+00
   0.0000000e+00
   0.0000000e+00
   0.0000000e+00
   0.0000000e+00
   0.0000000e+00
   0.0000000e+00
   0.0000000e+00
   0.0000000e+00
   0.0000000e+00
   0.0000000e+00
   0.0000000e+00
   0.0000000e+00
   0.0000000e+00
   0.0000000e+00
   0.0000000e+00
   0.0000000e+00
   0.0000000e+00
   0.0000000e+00
   2.7721680e-06
   1.5449158e-05
   7.0536596e-05
   2.6795528e-04
   8.5888258e-04
   2.3530892e-03
   5.5772733e-03
   1.1567790e-02
   2.1226212e-02
   3.4822990e-02
   5.1602569e-02
   6.9761214e-02
   8.6879970e-02
   1.0062835e-01
   1.0940958e-01
   1.1268502e-01
   1.1091413e-01
   1.0522776e-01
   9.7022164e-02
   8.7624472e-02
   7.8096349e-02
   6.9170645e-02
   6.1278568e-02
   5.4620256e-02
   4.9243824e-02
   4.5113940e-02
   4.2163504e-02
   4.0329423e-02
   3.9576576e-02
   3.9914765e-02
   4.1412908e-02
   4.4213988e-02
   4.8553539e-02
   5.4783940e-02
   6.3406191e-02
   7.5110103e-02
   9.0822334e-02
   1.1175916e-01
   1.3947662e-01
   1.7590454e-01
   2.2334296e-01
   2.8439128e-01
   3.6177471e-01
   4.5803456e-01
   5.7506443e-01
   7.1350840e-01
   8.7209026e-01
   1.0470041e+00
   1.2315476e+00
   1.4161888e+00
   1.5892063e+00
   1.7379155e+00
   1.8503289e+00
   1.9169374e+00
   1.9322156e+00
   1.8954884e+00
   1.8109530e+00
   1.6868687e+00
   1.5341422e+00
   1.3646600e+00
   1.1897348e+00
   1.0189369e+00
   8.5943960e-01
   7.1586333e-01
   5.9050557e-01
   4.8379948e-01
   3.9485479e-01
   3.2197050e-01
   2.6305617e-01
   2.1593897e-01
   1.7856160e-01
   1.4909101e-01
   1.2596244e-01
   1.0788147e-01
   9.3802068e-02
   8.2893599e-02
   7.4504638e-02
   6.8128389e-02
   6.3371694e-02
   5.9928273e-02
   5.7555893e-02
   5.6056829e-02
   5.5260854e-02
   5.5010228e-02
   5.5146476e-02
   5.5499341e-02
   5.5878985e-02
   5.6073233e-02
   5.5852173e-02
   5.4982309e-02
   5.3251347e-02
   5.0502120e-02
   4.6670432e-02
   4.1817520e-02
   3.6145352e-02
   2.9984189e-02
   2.3748208e-02
   1.7865499e-02
   1.2699707e-02
   8.4863606e-03
   5.3035066e-03
   3.0838510e-03
   1.6599505e-03
   8.2291356e-04
   3.7380983e-04
   1.5479127e-04
   5.8125594e-05
   1.9687040e-05
   5.9808438e-06
   0.0000000e+00
   0.0000000e+00
   0.0000000e+00
   0.0000000e+00
   0.0000000e+00
   0.0000000e+00
   0.0000000e+00
   0.0000000e+00
   0.0000000e+00
   0.0000000e+00
   0.0000000e+00
   0.0000000e+00
   0.0000000e+00
   0.0000000e+00
   0.0000000e+00
   0.0000000e+00
   0.0000000e+00
   0.0000000e+00
   0.0000000e+00
   0.0000000e+00
   0.0000000e+00
   0.0000000e+00
   0.0000000e+00
   0.0000000e+00
   0.0000000e+00
   0.0000000e+00
   0.0000000e+00
   0.0000000e+00
   0.0000000e+00
   0.0000000e+00
   0.0000000e+00
   0.0000000e+00
   0.0000000e+00
   0.0000000e+00
   0.0000000e+00
   0.0000000e+00
   0.0000000e+00
   0.0000000e+00
   0.0000000e+00
   0.0000000e+00
   0.0000000e+00
   0.0000000e+00
   0.0000000e+00
   0.0000000e+00
   0.0000000e+00
   0.0000000e+00
