   3.6684126e-04
   1.1048348e-05
   1.0889459e-05
   1.0719152e-05
   1.0536900e-05
   1.0342167e-05
   1.0134399e-05
   9.9130327e-06
   9.6774895e-06
   9.4271801e-06
   9.1615037e-06
   8.8798491e-06
   8.5815957e-06
   8.2661146e-06
   7.9327698e-06
   7.5809195e-06
   7.2099178e-06
   6.8191160e-06
   6.4078648e-06
   5.9755160e-06
   1.1666059e-06
   9.6174736e-07
   0.0000000e+00
   0.0000000e+00
   0.0000000e+00
   2.2510734e-06
   3.9563045e-06
   4.9492615e-06
   5.2035105e-06
   4.6934992e-06
   4.3909510e-06
   3.1078808e-06
   1.0800824e-06
   0.0000000e+00
   0.0000000e+00
   0.0000000e+00
   0.0000000e+00
   0.0000000e+00
   0.0000000e+00
   0.0000000e+00
   0.0000000e+00
   0.0000000e+00
   0.0000000e+00
   0.0000000e+00
   0.0000000e+00
   0.0000000e+00
   0.0000000e+00
   0.0000000e+00
   0.0000000e+00
   0.0000000e+00
   0.0000000e+00
   0.0000000e+00
   0.0000000e+00
   0.0000000e+00
   0.0000000e+00
   0.0000000e+00
   0.0000000e+00
   0.0000000e+00
   0.0000000e+00
   0.0000000e+00
   0.0000000e+00
   0.0000000e+00
   0.0000000e+00
   0.0000000e+00
   0.0000000e+00
   0.0000000e+00
   0.0000000e+00
   0.0000000e+00
   0.0000000e+00
   0.0000000e+00
   0.0000000e+00
   0.0000000e+00
   0.0000000e+00
   0.0000000e+00
   0.0000000e+00
   0.0000000e+00
   0.0000000e+00
   0.0000000e+00
   0.0000000e+00
   0.0000000e+00
   0.0000000e+00
   0.0000000e+00
   0.0000000e+00
   0.0000000e+00
   0.0000000e+00
   0.0000000e+00
   0.0000000e+00
   0.0000000e+00
   0.0000000e+00
   0.0000000e+00
   0.0000000e+00
   0.0000000e+00
   0.0000000e+00
   0.0000000e+00
   0.0000000e+00
   0.0000000e+00
   0.0000000e+00
   0.0000000e+00
   0.0000000e+00
   0.0000000e+00
   0.0000000e+00
   0.0000000e+00
   0.0000000e+00
   0.0000000e+00
   0.0000000e+00
   0.0000000e+00
   0.0000000e+00
   0.0000000e+00
   0.0000000e+00
   0.0000000e+00
   0.0000000e+00
   0.0000000e+00
   0.0000000e+00
   0.0000000e+00
   0.0000000e+00
   5.8347988e-02
   1.0308823e-01
   1.4064889e-01
   1.6713177e-01
   1.8193215e-01
   1.8773999e-01
   1.8665404e-01
   1.7739785e-01
   1.6925992e-01
   1.5457890e-01
   1.3857463e-01
   1.1704484e-01
   9.5867632e-02
   7.6827175e-02
   5.7095768e-02
   3.9893984e-02
   2.9638176e-02
   1.3728197e-02
   1.3946245e-02
   7.2445769e-03
   1.3640982e-02
   7.2192525e-02
   1.3270914e-01
   1.9528656e-01
   2.5994138e-01
   3.2661128e-01
   3.9515588e-01
   4.6535813e-01
   5.3692626e-01
   6.0949636e-01
   6.8263536e-01
   7.5584463e-01
   8.2856400e-01
   9.0017620e-01
   9.7001177e-01
   1.0373543e+00
   1.1014459e+00
   1.1614932e+00
   1.2166732e+00
   1.2661396e+00
   1.3090292e+00
   1.3444682e+00
   1.3715789e+00
   1.3894858e+00
   1.3973221e+00
   1.3942359e+00
   1.3793964e+00
   1.3519996e+00
   1.3112736e+00
   1.2564845e+00
   1.1869408e+00
   1.1019982e+00
   1.0010638e+00
   8.8359991e-01
   7.4912713e-01
   5.9722760e-01
   4.2754725e-01
   2.3979774e-01
   3.3758044e-02
   2.4914193e-03
   1.6440466e-03
   5.8273309e-04
   1.4818430e-05
   1.3986504e-05
   1.3076619e-05
   1.2063433e-05
   1.0945973e-05
   9.7236105e-06
   8.3960669e-06
   6.9634125e-06
   5.5247767e-06
   3.9901754e-06
   2.3591702e-06
   6.6254783e-07
   0.0000000e+00
   0.0000000e+00
   0.0000000e+00
   0.0000000e+00
   0.0000000e+00
   0.0000000e+00
   0.0000000e+00
   0.0000000e+00
   0.0000000e+00
   0.0000000e+00
   0.0000000e+00
   0.0000000e+00
   0.0000000e+00
   0.0000000e+00
   0.0000000e+00
   0.0000000e+00
   0.0000000e+00
   0.0000000e+00
   0.0000000e+00
   0.0000000e+00
   0.0000000e+00
   0.0000000e+00
   0.0000000e+00
   0.0000000e+00
   0.0000000e+00
   0.0000000e+00
   0.0000000e+00
   0.0000000e+00
   0.0000000e+00
   0.0000000e+00
   0.0000000e+00
   0.0000000e+00
   0.0000000e+00
   0.0000000e+00
   0.0000000e+00
   0.0000000e+00
   0.0000000e+00
   0.0000000e+00
   0.0000000e+00
   0.0000000e+00
   0.0000000e+00
   0.0000000e+00
   0.0000000e+00
   0.0000000e+00
   0.0000000e+00
   0.0000000e+00
   0.0000000e+00
   0.0000000e+00
   0.0000000e+00
   0.0000000e+00
   0.0000000e+00
   0.0000000e+00
   0.0000000e+00
   0.0000000e+00
   0.0000000e+00
   0.0000000e+00
   0.0000000e+00
   0.0000000e+00
   0.0000000e+00
   0.0000000e+00
   0.0000000e+00
   0.0000000e+00
   0.0000000e+00
   0.0000000e+00
   0.0000000e+00
   0.0000000e+00
   0.0000000e+00
