2.111308637512850818e-05
2.091409995865569865e-05
2.071725537540122707e-05
2.052277684559070131e-05
2.033088631746422895e-05
2.014182686999368142e-05
1.995583067168565664e-05
1.977315580251861056e-05
1.959404976516307918e-05
1.941877754504554716e-05
1.924760995623286150e-05
1.908082191132916790e-05
1.891869450200293876e-05
1.876153108034442387e-05
1.860962295716929630e-05
1.846329388695172363e-05
1.832285538164423735e-05
1.818865247087280115e-05
1.806102690918549392e-05
1.794034179586067535e-05
1.782697368426041477e-05
1.772130730892787959e-05
1.762376027540769023e-05
1.753475284612809814e-05
1.745474281248724619e-05
1.738419938623494114e-05
1.732361946082676039e-05
1.727354194835648398e-05
1.723451737950180810e-05
1.720714948483241687e-05
1.719206907389086780e-05
1.718995103820810690e-05
1.720153346158299638e-05
1.722759192452567368e-05
1.726896681400484954e-05
1.732656740398605633e-05
1.740137580080566412e-05
1.749445369714201188e-05
1.760696808303692523e-05
1.774016547986986792e-05
1.789542599205792695e-05
1.807425494009536439e-05
1.827829272081535035e-05
1.850934516862144639e-05
1.876940431360082429e-05
1.906064489569634071e-05
1.938548842467090820e-05
1.974660372365541209e-05
2.014693331105392931e-05
2.058975203132944410e-05
2.107869628297250579e-05
2.161780696951355027e-05
2.221159296012023882e-05
2.286507604096592181e-05
2.358387853608885599e-05
2.437428932689704279e-05
2.524336409872537064e-05
2.619902864491665349e-05
2.725018456453093033e-05
2.840688541433566275e-05
2.968045829206891688e-05
3.108371228006860616e-05
3.263115388679744259e-05
3.433922953504939886e-05
3.622662709075162184e-05
3.831460717836319025e-05
4.062740969840468718e-05
4.319269679761569635e-05
4.604212200482621522e-05
4.921192711870083511e-05
5.274371220618051200e-05
5.668528937051948638e-05
6.109170897020313039e-05
6.602646443166620147e-05
7.156289324122373449e-05
7.778587645650592453e-05
8.479377863336028825e-05
9.270079732803483067e-05
1.016397179996661042e-04
1.117651876646080539e-04
1.232575855864508194e-04
1.363276059579641422e-04
1.512217587781705252e-04
1.682287986560852789e-04
1.876874935273434167e-04
2.099957818288448129e-04
2.356216791276033689e-04
2.651163105864939428e-04
2.991293565244849311e-04
3.384274898442652790e-04
3.839163501295572798e-04
4.366665814296521422e-04
4.979449227245945960e-04
5.692512106169876109e-04
6.523621490931040458e-04
7.493833748486786314e-04
8.628112708670107904e-04
9.956060023759087229e-04
1.151277903086378061e-03
1.333989393049379770e-03
1.548674820852252590e-03
1.801181475231782968e-03
2.098434398557762030e-03
2.448629046883989222e-03
2.861455177241595694e-03
3.348356369871219405e-03
3.922829032200207851e-03
4.600766188911267762e-03
5.400849414861973001e-03
6.344992622065874326e-03
7.458842933149458995e-03
8.772338677686761926e-03
1.032032722094315506e-02
1.214323988634877227e-02
1.428782134637027711e-02
1.680790602212533374e-02
1.976522660741749510e-02
2.323023855622964942e-02
2.728293362702601671e-02
3.201361732734172433e-02
3.752358268436845057e-02
4.392567608200481644e-02
5.134462322853568933e-02
5.991710228065035004e-02
6.979145502020908665e-02
8.112691329743768054e-02
9.409229067945570901e-02
1.088639805515716624e-01
1.256232041860475268e-01
1.445523731605689588e-01
1.658304996375604135e-01
1.896276415809440841e-01
2.160982663131814641e-01
2.453737488653536525e-01
2.775538741966604994e-01
3.126977462076572789e-01
3.508142028938321388e-01
3.918521355634953518e-01
4.356911486210918172e-01
4.821330440154782404e-01
5.308946337746109911e-01
5.816027628760476187e-01
6.337916091735296131e-01
6.869034506708793231e-01
7.402930065963307937e-01
7.932357345489097211e-01
8.449404752758303827e-01
8.945662832173656431e-01
9.412431486575997264e-01
9.840961232789962043e-01
1.022272010758353611e+00
1.054967700269402897e+00
1.081458498498122145e+00
1.101125591616546551e+00
1.113480779049429437e+00
1.118187163127978723e+00
1.115074985701099530e+00
1.104150523946814344e+00
1.085598666235044973e+00
1.059778021481468935e+00
1.027208781410390293e+00
9.885541939363272634e-01
9.445965842804920909e-01
8.962087830797275112e-01
8.443230810751987114e-01
7.898989956689616010e-01
7.338917146588564977e-01
6.772225424604236821e-01
6.207529666880545749e-01
5.652631738624159796e-01
5.114357555919031295e-01
4.598449469039231907e-01
4.109513296419719519e-01
3.651016214713582175e-01
3.225328764796333014e-01
2.833804838059615916e-01
2.476888279329409193e-01
2.154237595019785623e-01
1.864861375348668693e-01
1.607254038395589946e-01
1.379527273705655754e-01
1.179531119122200211e-01
1.004961527459290738e-01
8.534521194978415826e-02
7.226495521653837628e-02
6.102727290066202459e-02
5.141565031864648444e-02
4.322821806909322301e-02
3.627961615661568634e-02
3.040188315295869539e-02
2.544460082133086568e-02
2.127444315370398062e-02
1.777431000259249716e-02
1.484218777466906995e-02
1.238984721444678569e-02
1.034147188444784274e-02
8.632282316268261382e-03
7.207207894973952783e-03
6.019640762924191417e-03
5.030287248766291894e-03
4.206132765646500640e-03
3.519518499670074973e-03
2.947329727816545581e-03
2.470289087579187037e-03
2.072346670123305454e-03
1.740157623089499256e-03
1.462637528252852624e-03
1.230586349980485007e-03
1.036371469442839109e-03
8.736621475359653086e-04
7.372071744956086407e-04
6.226500040592932491e-04
5.263747560373244596e-04
4.453785608702810089e-04
3.771658385804550740e-04
3.196608220837978851e-04
2.711352126740313112e-04
2.301484817542802732e-04
1.954985771190027378e-04
1.661811942831416310e-04
1.413561967592437787e-04
1.203198528599447873e-04
1.024819197397724442e-04
8.734669724500244384e-05
7.449733631171640610e-05
6.358286368812515786e-05
5.430741316078043646e-05
4.642128447824411103e-05
3.971352335417564072e-05
3.400572669929850534e-05
2.914688892707017895e-05
2.500909605106525812e-05
2.148391420921887037e-05
1.847937345809692991e-05
1.591742974311062108e-05
1.373182724410158351e-05
1.186630287635024903e-05
1.027306772520090994e-05
8.911524168543261243e-06
7.747181866422904272e-06
6.750733816114121032e-06
5.897281639200695404e-06
5.165668957615800881e-06
4.537920794288410524e-06
3.998766307086403723e-06
3.535230261979376365e-06
3.136289061659731056e-06
2.792578159300891754e-06
2.496139507772175108e-06
2.240212132888355580e-06
2.019050691700582892e-06
1.827772747404356191e-06
1.662229483232962707e-06
1.518894758967945437e-06
1.394772500594038557e-06
1.287316813845423421e-06
