   0.0000000e+00
   0.0000000e+00
   0.0000000e+00
   0.0000000e+00
   0.0000000e+00
   0.0000000e+00
   0.0000000e+00
   0.0000000e+00
   0.0000000e+00
   0.0000000e+00
   0.0000000e+00
   0.0000000e+00
   0.0000000e+00
   0.0000000e+00
   0.0000000e+00
   0.0000000e+00
   0.0000000e+00
   0.0000000e+00
   0.0000000e+00
   0.0000000e+00
   0.0000000e+00
   0.0000000e+00
   0.0000000e+00
   0.0000000e+00
   0.0000000e+00
   0.0000000e+00
   0.0000000e+00
   0.0000000e+00
   0.0000000e+00
   0.0000000e+00
   0.0000000e+00
   0.0000000e+00
   0.0000000e+00
   0.0000000e+00
   0.0000000e+00
   0.0000000e+00
   0.0000000e+00
   0.0000000e+00
   0.0000000e+00
   0.0000000e+00
   0.0000000e+00
   0.0000000e+00
   0.0000000e+00
   0.0000000e+00
   0.0000000e+00
   0.0000000e+00
   0.0000000e+00
   0.0000000e+00
   0.0000000e+00
   0.0000000e+00
   0.0000000e+00
   0.0000000e+00
   0.0000000e+00
   0.0000000e+00
   0.0000000e+00
   0.0000000e+00
   0.0000000e+00
   0.0000000e+00
   0.0000000e+00
   0.0000000e+00
   0.0000000e+00
   0.0000000e+00
   0.0000000e+00
   0.0000000e+00
   0.0000000e+00
   0.0000000e+00
   0.0000000e+00
   0.0000000e+00
   0.0000000e+00
   0.0000000e+00
   0.0000000e+00
   0.0000000e+00
   0.0000000e+00
   2.4323064e-06
   4.6189456e-05
   2.1691375e-04
   5.1426585e-04
   7.8099608e-04
   8.6270788e-04
   7.5366916e-04
   5.5398794e-04
   3.5988301e-04
   2.1518513e-04
   1.2257413e-04
   6.8506518e-05
   3.8531502e-05
   2.2287167e-05
   1.3501629e-05
   8.6971055e-06
   6.0294082e-06
   4.5403883e-06
   3.7380529e-06
   3.3776293e-06
   3.3543345e-06
   3.6580287e-06
   4.3675704e-06
   5.6816100e-06
   8.0002899e-06
   1.2097460e-05
   1.9466406e-05
   3.3002281e-05
   5.8326221e-05
   1.0629008e-04
   1.9753172e-04
   3.7032655e-04
   6.9309687e-04
   1.2823234e-03
   2.3242552e-03
   4.0941689e-03
   6.9606010e-03
   1.1356837e-02
   1.7704878e-02
   2.6292167e-02
   3.7128788e-02
   4.9838603e-02
   6.3643318e-02
   7.7470081e-02
   9.0162011e-02
   1.0072249e-01
   1.0851120e-01
   1.1333008e-01
   1.1539613e-01
   1.1522751e-01
   1.1350100e-01
   1.1092232e-01
   1.0813836e-01
   1.0569450e-01
   1.0402983e-01
   1.0349606e-01
   1.0438788e-01
   1.0697703e-01
   1.1154347e-01
   1.1840146e-01
   1.2792117e-01
   1.4054124e-01
   1.5677327e-01
   1.7719434e-01
   2.0242385e-01
   2.3308028e-01
   2.6971884e-01
   3.1274836e-01
   3.6233675e-01
   4.1831694e-01
   4.8012118e-01
   5.4675096e-01
   6.1682113e-01
   6.8866515e-01
   7.6050845e-01
   8.3067812e-01
   8.9780102e-01
   9.6098086e-01
   1.0198752e+00
   1.0747164e+00
   1.1262211e+00
   1.1754437e+00
   1.2235622e+00
   1.2716302e+00
   1.3202888e+00
   1.3694219e+00
   1.4177750e+00
   1.4625313e+00
   1.4988945e+00
   1.5198358e+00
   1.5162195e+00
   1.4776667e+00
   1.3945345e+00
   1.2610685e+00
   1.0792168e+00
   8.6156724e-01
   6.3116609e-01
   4.1649631e-01
   2.4248279e-01
   1.2172005e-01
   5.1363689e-02
   1.7722697e-02
   4.8515529e-03
   1.0197822e-03
   1.5887981e-04
   1.7661921e-05
   0.0000000e+00
   0.0000000e+00
   0.0000000e+00
   0.0000000e+00
   0.0000000e+00
   0.0000000e+00
   0.0000000e+00
   0.0000000e+00
   0.0000000e+00
   0.0000000e+00
   0.0000000e+00
   0.0000000e+00
   0.0000000e+00
   0.0000000e+00
   0.0000000e+00
   0.0000000e+00
   0.0000000e+00
   0.0000000e+00
   0.0000000e+00
   0.0000000e+00
   0.0000000e+00
   0.0000000e+00
   0.0000000e+00
   0.0000000e+00
   0.0000000e+00
   0.0000000e+00
   0.0000000e+00
   0.0000000e+00
   0.0000000e+00
   0.0000000e+00
   0.0000000e+00
   0.0000000e+00
   0.0000000e+00
   0.0000000e+00
   0.0000000e+00
   0.0000000e+00
   0.0000000e+00
   0.0000000e+00
   0.0000000e+00
   0.0000000e+00
   0.0000000e+00
   0.0000000e+00
   0.0000000e+00
   0.0000000e+00
   0.0000000e+00
   0.0000000e+00
   0.0000000e+00
   0.0000000e+00
   0.0000000e+00
   0.0000000e+00
   0.0000000e+00
   0.0000000e+00
   0.0000000e+00
   0.0000000e+00
   0.0000000e+00
   0.0000000e+00
   0.0000000e+00
   0.0000000e+00
   0.0000000e+00
   0.0000000e+00
   0.0000000e+00
   0.0000000e+00
   0.0000000e+00
   0.0000000e+00
   0.0000000e+00
   0.0000000e+00
   0.0000000e+00
   0.0000000e+00
   0.0000000e+00
   0.0000000e+00
   0.0000000e+00
   0.0000000e+00
   0.0000000e+00
   0.0000000e+00
   0.0000000e+00
   0.0000000e+00
   0.0000000e+00
