3.690136786603444600e-04
3.645054646043542233e-04
3.600423096741425908e-04
3.556280560806961621e-04
3.512660869243830909e-04
3.469602393324775543e-04
3.427141353529950191e-04
3.385317220315742746e-04
3.344165849824201208e-04
3.303725185277585461e-04
3.264033818242555477e-04
3.225129149934410455e-04
3.187047661449631756e-04
3.149828568569119761e-04
3.113509951790096805e-04
3.078128152335616739e-04
3.043722065979431995e-04
3.010330862059426961e-04
2.977990547668969766e-04
2.946741132383599642e-04
2.916620066169416819e-04
2.887667027594046309e-04
2.859921488051452845e-04
2.833421994791075066e-04
2.808209326638148157e-04
2.784324751677036934e-04
2.761808754632705644e-04
2.740704260192550938e-04
2.721054609005355896e-04
2.702905521630687559e-04
2.686300947955955892e-04
2.671289662731677022e-04
2.657919912961771193e-04
2.646243674129236862e-04
2.636313836882759319e-04
2.628186745969410829e-04
2.621919886007260730e-04
2.617575271833382650e-04
2.615218634345788454e-04
2.614917288556516486e-04
2.616745376816651306e-04
2.620779574297640423e-04
2.627102445243840144e-04
2.635802072687158833e-04
2.646971657010609353e-04
2.660712722784062500e-04
2.677132546265525797e-04
2.696347303237047106e-04
2.718481372440030444e-04
2.743667732190702147e-04
2.772052467198993253e-04
2.803790185986317291e-04
2.839049533476050943e-04
2.878013167385542396e-04
2.920877740578045720e-04
2.967856738698235880e-04
3.019181722239528505e-04
3.075104434161233602e-04
3.135898170230361085e-04
3.201859878578546654e-04
3.273314279577971709e-04
3.350614658584805854e-04
3.434146646052132590e-04
3.524330881274544765e-04
3.621629423207597996e-04
3.726547197604398749e-04
3.839639591443740280e-04
3.961513121130116736e-04
4.092839986077313145e-04
4.234355527473726674e-04
4.386873513206854844e-04
4.551292085312953935e-04
4.728604295144162983e-04
4.919909404432292431e-04
5.126427410002644056e-04
5.349513113051493915e-04
5.590673320356958189e-04
5.851585639237817053e-04
6.134123544778271112e-04
6.440377303260794249e-04
6.772690931667406898e-04
7.133683868852133507e-04
7.526302348490469026e-04
7.953851555884203098e-04
8.420055089708467508e-04
8.929111627355327619e-04
9.485756763575456038e-04
1.009534861128839108e-03
1.076395021488269670e-03
1.149843658629257038e-03
1.230661989534782104e-03
1.319737831658841700e-03
1.418082215144794971e-03
1.526849450341850227e-03
1.647357525927066555e-03
1.781113647982978439e-03
1.929845260692622565e-03
2.095534425970142431e-03
2.280458780078254127e-03
2.487239256610740065e-03
2.718895478076700008e-03
2.978912678958725840e-03
3.271317897596318601e-03
3.600771414023218493e-03
3.972672752852743697e-03
4.393286173771003382e-03
4.869885990100976045e-03
5.410932107747930611e-03
6.026273189353173292e-03
6.727382365941216198e-03
7.527641316658033842e-03
8.442666736122868970e-03
9.490696725528029870e-03
1.069303824183902643e-02
1.207459246192618164e-02
1.366446875271679420e-02
1.549668913193224216e-02
1.761100476899611633e-02
2.005382764205843743e-02
2.287932387806076648e-02
2.615058191594816714e-02
2.994104541111047846e-02
3.433596336120908754e-02
3.943408660135011568e-02
4.534949231367552125e-02
5.221344673441490059e-02
6.017641084463647150e-02
6.940994667108475735e-02
8.010859751867979717e-02
9.249144031090837659e-02
1.068031962930213463e-01
1.233147272546750578e-01
1.423223335187926430e-01
1.641460459436992758e-01
1.891257332786859535e-01
2.176152831157326106e-01
2.499737995211688268e-01
2.865536321344893667e-01
3.276846511549618146e-01
3.736543190518319402e-01
4.246833100706521313e-01
4.808978919132729790e-01
5.422971136055940722e-01
6.087186960409290970e-01
6.798038658442657756e-01
7.549625761277208857e-01
8.333446436494075238e-01
9.138182541576275186e-01
9.949606534322141815e-01
1.075065951907480333e+00
1.152172779169872596e+00
1.224116215531956486e+00
1.288602540346895031e+00
1.343310421154944923e+00
1.386010283717869829e+00
1.414697897418199179e+00
1.427733918124549417e+00
1.423972726888763862e+00
1.402873658909713717e+00
1.364577474529222956e+00
1.309937970926327910e+00
1.240502817534651081e+00
1.158441440191106508e+00
1.066421581844476663e+00
9.674476881341111945e-01
8.646737366934662550e-01
7.612102160252446348e-01
6.599415975263596135e-01
5.633740479548475788e-01
4.735242426022242546e-01
3.918568718012948593e-01
3.192722176061473793e-01
2.561383681871239326e-01
2.023589277785520779e-01
1.574638500647790595e-01
1.207115108307458134e-01
9.118963618681347194e-02
6.790635332332457808e-02
4.986563164774896612e-02
3.612374949542353914e-02
2.582703176934318320e-02
1.823261487882401471e-02
1.271538858162919033e-02
8.764727908154936603e-03
5.974524422465476818e-03
4.029548657940226590e-03
2.690485332517381523e-03
1.779336198160549019e-03
1.166184547743432873e-03
7.578463144952387242e-04
4.885562542752803182e-04
3.125883953438099720e-04
1.985864324928432413e-04
1.253213868370127687e-04
7.858969370108400516e-05
4.899155551582997709e-05
3.036868733643130250e-05
1.872392063258745788e-05
1.148505874077587730e-05
7.009986608849903890e-06
4.258079967056413886e-06
2.574369826318932780e-06
1.549247112849957261e-06
9.280673711494992677e-07
5.534126700825671582e-07
3.284889161841718400e-07
1.940769673524114036e-07
1.141222694595806128e-07
6.678420895037185137e-08
3.888998441138074906e-08
2.253341293158974133e-08
1.298808439711635475e-08
7.447445465867047331e-09
4.247203390133799339e-09
2.407776249260620656e-09
1.358154400123468355e-09
7.620133193714318028e-10
4.251313723515381637e-10
2.351366343752889332e-10
1.300721280785992288e-10
7.096101398922976941e-11
3.891359238342641918e-11
2.055823869818658332e-11
1.101502984551199717e-11
6.222933705912684732e-12
2.988428314966546216e-12
1.619696403961474377e-12
7.786800432501424855e-13
6.251363665556568704e-13
1.016125703974977634e-12
3.004273186422381474e-14
1.760180251898583848e-13
5.728181237043186115e-13
5.719530421460455898e-14
1.564210086443740498e-13
-3.396851740310480633e-13
-1.273358433297948131e-13
-7.953511854096828534e-14
3.778153193654313229e-14
4.592865267232875927e-13
3.376653229705316445e-13
3.817347742538794625e-13
3.894522600983755680e-13
1.062292778889055860e-13
3.123414557733172346e-14
3.610173922660094766e-13
-2.198426772735383814e-13
-5.640678902070409646e-14
4.037931112285879247e-13
3.525495364983516107e-13
2.451800779480781799e-13
9.900093211413231100e-14
1.167804965043849095e-13
3.425438249713047585e-13
1.671099063195219235e-13
3.004126336911486591e-13
