   1.4609176e-01
   1.3606068e-01
   1.2605446e-01
   1.1608436e-01
   1.0616215e-01
   9.6300070e-02
   8.6510847e-02
   7.6807679e-02
   6.7204230e-02
   5.7714617e-02
   4.8353401e-02
   3.9135566e-02
   3.0076501e-02
   2.1191977e-02
   1.2498121e-02
   4.0113834e-03
   0.0000000e+00
   0.0000000e+00
   0.0000000e+00
   0.0000000e+00
   0.0000000e+00
   0.0000000e+00
   0.0000000e+00
   0.0000000e+00
   0.0000000e+00
   0.0000000e+00
   0.0000000e+00
   0.0000000e+00
   0.0000000e+00
   0.0000000e+00
   0.0000000e+00
   0.0000000e+00
   0.0000000e+00
   0.0000000e+00
   0.0000000e+00
   0.0000000e+00
   0.0000000e+00
   0.0000000e+00
   0.0000000e+00
   0.0000000e+00
   0.0000000e+00
   0.0000000e+00
   0.0000000e+00
   0.0000000e+00
   0.0000000e+00
   0.0000000e+00
   0.0000000e+00
   0.0000000e+00
   0.0000000e+00
   0.0000000e+00
   0.0000000e+00
   0.0000000e+00
   0.0000000e+00
   0.0000000e+00
   0.0000000e+00
   0.0000000e+00
   1.1873858e-03
   9.8358770e-03
   1.8583133e-02
   2.7376928e-02
   3.6162584e-02
   4.4883199e-02
   5.3479901e-02
   6.1892148e-02
   7.0058055e-02
   7.7914767e-02
   8.5398861e-02
   9.2446791e-02
   9.8995361e-02
   1.0498223e-01
   1.1034647e-01
   1.1502911e-01
   1.1897372e-01
   1.2212707e-01
   1.2443969e-01
   1.2586655e-01
   1.2636770e-01
   1.2590886e-01
   1.2446212e-01
   1.2200647e-01
   1.1852844e-01
   1.1402263e-01
   1.0849220e-01
   1.0194936e-01
   9.4415738e-02
   8.5922731e-02
   7.6511735e-02
   6.6234324e-02
   5.5152324e-02
   4.3337787e-02
   3.0872865e-02
   1.7849573e-02
   4.3694389e-03
   0.0000000e+00
   0.0000000e+00
   0.0000000e+00
   0.0000000e+00
   0.0000000e+00
   0.0000000e+00
   0.0000000e+00
   0.0000000e+00
   0.0000000e+00
   0.0000000e+00
   0.0000000e+00
   0.0000000e+00
   0.0000000e+00
   0.0000000e+00
   0.0000000e+00
   0.0000000e+00
   0.0000000e+00
   0.0000000e+00
   0.0000000e+00
   0.0000000e+00
   0.0000000e+00
   0.0000000e+00
   0.0000000e+00
   0.0000000e+00
   0.0000000e+00
   0.0000000e+00
   0.0000000e+00
   0.0000000e+00
   0.0000000e+00
   2.7093758e-02
   5.6934346e-02
   8.8553798e-02
   1.2181330e-01
   1.5655998e-01
   1.9262803e-01
   2.2983989e-01
   2.6800758e-01
   3.0693414e-01
   3.4641507e-01
   3.8623989e-01
   4.2619373e-01
   4.6605894e-01
   5.0561674e-01
   5.4464881e-01
   5.8293892e-01
   6.2027454e-01
   6.5644830e-01
   6.9125957e-01
   7.2451579e-01
   7.5603383e-01
   7.8564127e-01
   8.1317750e-01
   8.3849477e-01
   8.6145914e-01
   8.8195129e-01
   8.9986719e-01
   9.1511870e-01
   9.2763399e-01
   9.3735787e-01
   9.4425196e-01
   9.4829477e-01
   9.4948164e-01
   9.4782454e-01
   9.4335181e-01
   9.3610771e-01
   9.2615194e-01
   9.1355901e-01
   8.9841755e-01
   8.8082952e-01
   8.6090931e-01
   8.3878285e-01
   8.1458660e-01
   7.8846648e-01
   7.6057682e-01
   7.3107920e-01
   7.0014130e-01
   6.6793579e-01
   6.3463906e-01
   6.0043015e-01
   5.6548953e-01
   5.2999796e-01
   4.9413537e-01
   4.5807980e-01
   4.2200631e-01
   3.8608600e-01
   3.5048505e-01
   3.1536382e-01
   2.8087600e-01
   2.4716788e-01
   2.1437758e-01
   1.8263445e-01
   1.5205852e-01
   1.2275996e-01
   9.4838743e-02
   6.8384219e-02
   4.3474921e-02
   2.0178343e-02
   0.0000000e+00
   0.0000000e+00
   0.0000000e+00
   0.0000000e+00
   0.0000000e+00
   0.0000000e+00
   0.0000000e+00
   0.0000000e+00
   0.0000000e+00
   0.0000000e+00
   0.0000000e+00
   0.0000000e+00
   0.0000000e+00
   0.0000000e+00
   0.0000000e+00
   0.0000000e+00
   0.0000000e+00
   0.0000000e+00
   0.0000000e+00
   0.0000000e+00
   0.0000000e+00
   0.0000000e+00
   0.0000000e+00
   0.0000000e+00
   0.0000000e+00
   0.0000000e+00
   0.0000000e+00
   0.0000000e+00
   0.0000000e+00
   3.8199727e-03
   1.4369431e-02
   2.4610398e-02
   3.4453148e-02
   4.3811930e-02
   5.2605270e-02
   6.0756245e-02
   6.8192714e-02
   7.4847515e-02
   8.0658630e-02
   8.5569315e-02
   8.9528194e-02
   9.2489321e-02
   9.4412213e-02
   9.5261850e-02
   9.5008646e-02
   9.3628396e-02
   9.1102188e-02
   8.7416303e-02
   8.2562082e-02
   7.6535775e-02
   6.9338374e-02
   6.0975421e-02
   5.1456809e-02
   4.0796562e-02
   2.9012602e-02
   1.6126514e-02
   2.1632913e-03
   0.0000000e+00
   0.0000000e+00
   0.0000000e+00
   0.0000000e+00
   0.0000000e+00
   0.0000000e+00
   0.0000000e+00
   0.0000000e+00
   0.0000000e+00
