1.728447804655288905e-07
1.718746989649898408e-07
1.709511142414050218e-07
1.701007194141073756e-07
1.693269339518700430e-07
1.686375309155018696e-07
1.680830002721380908e-07
1.676613149677412923e-07
1.674127018487289907e-07
1.673796133690117097e-07
1.675952573399092582e-07
1.681118543386566531e-07
1.689904710299610321e-07
1.703051010477830189e-07
1.721467019231084837e-07
1.746135459784323163e-07
1.778436803762829699e-07
1.819790443496642453e-07
1.871997627645117341e-07
1.937399742951844686e-07
2.018675963944647077e-07
2.119059339503622188e-07
2.242360752404985985e-07
2.393577247482757841e-07
2.578394591989497562e-07
2.804015368597143104e-07
3.078832166798973003e-07
3.413481904945455015e-07
3.820761357923759224e-07
4.316026321723619854e-07
4.918412980001906742e-07
5.650963340993656870e-07
6.541909035533425404e-07
7.625597637717076384e-07
8.944108232816286554e-07
1.054838878894483357e-06
1.250090738896476771e-06
1.487745622463566168e-06
1.777040671251251077e-06
2.129194660739720212e-06
2.557834310018979513e-06
3.079482585832263390e-06
3.714129634612921374e-06
4.485936606287267542e-06
5.424038026007597623e-06
6.563472597248793422e-06
7.946306444202526134e-06
9.622835760177510708e-06
1.165310208657202805e-05
1.410845200851083210e-05
1.707341248529905446e-05
2.064770497616929981e-05
2.494845905153683665e-05
3.011263580861083081e-05
3.629956687509311680e-05
4.369361326103963702e-05
5.250683781979454084e-05
6.298169411458988734e-05
7.539349742102667876e-05
9.005263317768420468e-05
1.073063761511260946e-04
1.275399971089964169e-04
1.511772645071915195e-04
1.786796277320070283e-04
2.105446054033444081e-04
2.473024571423086790e-04
2.895115334031803491e-04
3.377518229119650913e-04
3.926169552543350345e-04
4.547044276891448983e-04
5.246044755168957369e-04
6.028872840034496397e-04
6.900899382721361599e-04
7.867020318818471148e-04
8.931524807038000377e-04
1.009796053548232342e-03
1.136902110133353573e-03
1.274645846055629450e-03
1.423101385269621077e-03
1.582240150985677685e-03
1.751931978427175409e-03
1.931951939398238779e-03
2.121991393868877338e-03
2.321674371077827020e-03
2.530576673236997493e-03
2.748252498410893793e-03
2.974262537601408789e-03
3.208202495480973367e-03
3.449740026498229577e-03
3.698647157468886674e-03
3.954834227351359914e-03
4.218386792215347326e-03
4.489599055283900221e-03
4.769006238926142005e-03
5.057419426189045490e-03
5.355955356420915268e-03
5.666072791046748366e-03
5.989603067387040854e-03
6.328788319153215262e-03
6.686323632009395432e-03
7.065399146858960741e-03
7.469760371772064290e-03
7.903767168788171718e-03
8.372474400829639854e-03
8.881724494058515149e-03
9.438259569282254208e-03
1.004985700195061733e-02
1.072549103699362016e-02
1.147552800033318186e-02
1.231195776218383699e-02
1.324867138192475750e-02
1.430178174402432605e-02
1.549001845966383947e-02
1.683516612083185010e-02
1.836261406008130037e-02
2.010195688756428317e-02
2.208772621238519820e-02
2.436020882009590563e-02
2.696640538944346938e-02
2.996110005010117414e-02
3.340808173944853632e-02
3.738149735091303438e-02
4.196733927248461754e-02
4.726504465170021374e-02
5.338917817178167463e-02
6.047118323413409186e-02
6.866105490609053508e-02
7.812890815207493289e-02
8.906628530477748995e-02
1.016869774698193479e-01
1.162272271601236945e-01
1.329449122273458073e-01
1.521176200756502728e-01
1.740388632548784675e-01
1.990125779722501653e-01
2.273450508365386646e-01
2.593342476039684485e-01
2.952559940242933112e-01
3.353472517683827592e-01
3.797862206389487905e-01
4.286696464931455952e-01
4.819884094373095285e-01
5.396018098869601598e-01
6.012127234773469997e-01
6.663447981114224428e-01
7.343248946243340347e-01
8.042721999598311244e-01
8.750969192474743474e-01
9.455114614292976505e-01
1.014054070394047935e+00
1.079128125035048402e+00
1.139054982543829420e+00
1.192139505671551136e+00
1.236745671283184800e+00
1.271378161152759922e+00
1.294762919899839382e+00
1.305923155991244533e+00
1.304242589099189331e+00
1.289511387686611776e+00
1.261949502324591244e+00
1.222205583013177943e+00
1.171329859718676758e+00
1.110722883314129827e+00
1.042064278993127369e+00
9.672263170209608463e-01
8.881798011377805002e-01
8.068985017629152212e-01
7.252701172212964176e-01
6.450191492332670862e-01
5.676462042975373157e-01
4.943863143000912785e-01
4.261875311005964839e-01
3.637081458750722196e-01
3.073304989152900180e-01
2.571879721960741993e-01
2.132009904054303628e-01
1.751181633632434287e-01
1.425590347094038146e-01
1.150550414760430767e-01
9.208669407055551648e-02
7.311525671652895075e-02
5.760823730897736417e-02
4.505859645804727309e-02
3.499798197982263714e-02
2.700478130123909123e-02
2.070781189221277199e-02
1.578666406770520836e-02
1.196955795159090549e-02
9.029592765196960830e-03
6.780046030645267216e-03
5.069254347940511940e-03
3.775505908444282219e-03
2.802193167007130045e-03
2.073404207646767014e-03
1.530038924196943208e-03
1.126474171770898858e-03
8.277618646509406816e-04
6.073196035304536311e-04
4.450572937586900666e-04
3.258791789561692209e-04
2.385013482621321443e-04
1.745282467181836366e-04
1.277391410470681541e-04
9.354134063035793604e-05
6.855476979405000456e-05
5.029844347012018272e-05
3.695535798410519673e-05
2.719722902983141662e-05
2.005440565875457146e-05
1.481978023078028806e-05
1.097804312605165516e-05
8.153798223141865931e-06
6.073563314599315067e-06
4.538059255799447394e-06
3.401977129364048555e-06
2.559282276680622607e-06
1.932507053452132411e-06
1.464979943437992410e-06
1.115179913466515055e-06
8.526260701686824989e-07
6.549083855503867599e-07
5.055036058048716916e-07
3.922037240650335889e-07
3.059766224535027828e-07
2.401052642683658422e-07
1.895947231909328456e-07
1.507154435339970742e-07
1.206714335425876982e-07
9.736316924164009077e-08
7.921075190901522215e-08
6.501389932746334100e-08
5.386959965007243544e-08
4.508604866690821426e-08
3.813552759519082465e-08
3.261396926403581011e-08
2.821088549119343338e-08
2.468576921200612231e-08
2.185289547905008462e-08
1.956816409993739033e-08
1.771871602096380092e-08
1.621586110779571883e-08
1.499045214212011694e-08
1.398814428603940208e-08
1.316468022050069348e-08
1.248657116556630103e-08
1.192563284426042697e-08
1.146028766744408893e-08
1.107244690352675899e-08
1.074849223708528727e-08
1.047606536830512062e-08
1.024696279624769575e-08
1.005299174877708355e-08
9.887971247523051199e-09
9.746841823272606153e-09
9.625435935813054427e-09
9.520526241356369620e-09
