   2.6184311e-04
   0.0000000e+00
   0.0000000e+00
   0.0000000e+00
   0.0000000e+00
   0.0000000e+00
   0.0000000e+00
   0.0000000e+00
   0.0000000e+00
   0.0000000e+00
   0.0000000e+00
   0.0000000e+00
   0.0000000e+00
   0.0000000e+00
   0.0000000e+00
   0.0000000e+00
   0.0000000e+00
   0.0000000e+00
   0.0000000e+00
   0.0000000e+00
   0.0000000e+00
   0.0000000e+00
   0.0000000e+00
   0.0000000e+00
   0.0000000e+00
   0.0000000e+00
   0.0000000e+00
   0.0000000e+00
   0.0000000e+00
   0.0000000e+00
   0.0000000e+00
   0.0000000e+00
   0.0000000e+00
   0.0000000e+00
   0.0000000e+00
   0.0000000e+00
   0.0000000e+00
   0.0000000e+00
   0.0000000e+00
   0.0000000e+00
   0.0000000e+00
   0.0000000e+00
   0.0000000e+00
   0.0000000e+00
   0.0000000e+00
   0.0000000e+00
   0.0000000e+00
   0.0000000e+00
   0.0000000e+00
   0.0000000e+00
   0.0000000e+00
   0.0000000e+00
   0.0000000e+00
   0.0000000e+00
   0.0000000e+00
   0.0000000e+00
   0.0000000e+00
   0.0000000e+00
   0.0000000e+00
   0.0000000e+00
   0.0000000e+00
   0.0000000e+00
   0.0000000e+00
   0.0000000e+00
   0.0000000e+00
   0.0000000e+00
   0.0000000e+00
   0.0000000e+00
   0.0000000e+00
   0.0000000e+00
   0.0000000e+00
   0.0000000e+00
   0.0000000e+00
   0.0000000e+00
   0.0000000e+00
   0.0000000e+00
   0.0000000e+00
   0.0000000e+00
   0.0000000e+00
   0.0000000e+00
   0.0000000e+00
   0.0000000e+00
   0.0000000e+00
   0.0000000e+00
   0.0000000e+00
   0.0000000e+00
   0.0000000e+00
   0.0000000e+00
   0.0000000e+00
   0.0000000e+00
   0.0000000e+00
   0.0000000e+00
   0.0000000e+00
   0.0000000e+00
   0.0000000e+00
   0.0000000e+00
   0.0000000e+00
   0.0000000e+00
   0.0000000e+00
   0.0000000e+00
   0.0000000e+00
   0.0000000e+00
   0.0000000e+00
   0.0000000e+00
   0.0000000e+00
   0.0000000e+00
   0.0000000e+00
   5.7155122e-06
   1.5857131e-05
   8.2240441e-05
   1.3530914e-04
   1.7540858e-04
   2.0316623e-04
   2.1948148e-04
   3.7693730e-02
   8.7333787e-02
   1.2446056e-01
   1.5029287e-01
   1.7142534e-01
   1.7901793e-01
   1.7899172e-01
   1.7119676e-01
   1.5680003e-01
   1.4521658e-01
   1.2572671e-01
   1.0672494e-01
   8.4780945e-02
   6.6333851e-02
   5.0227668e-02
   3.1779788e-02
   1.7794667e-02
   1.0613015e-02
   6.2041715e-03
   1.1558825e-03
   0.0000000e+00
   1.6084936e-02
   8.0535047e-02
   1.4686931e-01
   2.1503066e-01
   2.8488648e-01
   3.5623195e-01
   4.2879394e-01
   5.0223530e-01
   5.7615966e-01
   6.5011648e-01
   7.2360646e-01
   7.9608709e-01
   8.6697849e-01
   9.3566920e-01
   1.0015222e+00
   1.0638808e+00
   1.1220744e+00
   1.1754246e+00
   1.2232504e+00
   1.2648739e+00
   1.2996257e+00
   1.3268495e+00
   1.3459070e+00
   1.3561822e+00
   1.3570859e+00
   1.3480586e+00
   1.3285746e+00
   1.2981447e+00
   1.2563186e+00
   1.2026876e+00
   1.1368861e+00
   1.0585929e+00
   9.6753279e-01
   8.6347662e-01
   7.4624216e-01
   6.1569376e-01
   4.7174215e-01
   3.1434373e-01
   1.4349961e-01
   0.0000000e+00
   0.0000000e+00
   0.0000000e+00
   0.0000000e+00
   0.0000000e+00
   0.0000000e+00
   0.0000000e+00
   0.0000000e+00
   0.0000000e+00
   1.6782701e-06
   3.9956186e-06
   6.4741233e-06
   1.0039741e-05
   2.2565149e-05
   5.1994504e-05
   7.9796959e-05
   1.1524294e-04
   1.9635132e-04
   2.7875754e-04
   3.4496291e-04
   3.3677336e-04
   4.7637810e-04
   5.1935725e-04
   4.6312555e-04
   8.1598432e-04
   1.0262589e-03
   9.2930544e-04
   7.3379404e-04
   4.5907421e-04
   1.0003530e-04
   0.0000000e+00
   0.0000000e+00
   0.0000000e+00
   0.0000000e+00
   0.0000000e+00
   0.0000000e+00
   0.0000000e+00
   0.0000000e+00
   0.0000000e+00
   0.0000000e+00
   0.0000000e+00
   0.0000000e+00
   0.0000000e+00
   0.0000000e+00
   0.0000000e+00
   0.0000000e+00
   0.0000000e+00
   0.0000000e+00
   0.0000000e+00
   0.0000000e+00
   0.0000000e+00
   0.0000000e+00
   0.0000000e+00
   0.0000000e+00
   0.0000000e+00
   0.0000000e+00
   0.0000000e+00
   0.0000000e+00
   0.0000000e+00
   0.0000000e+00
   0.0000000e+00
   0.0000000e+00
   0.0000000e+00
   0.0000000e+00
   0.0000000e+00
   0.0000000e+00
   0.0000000e+00
   0.0000000e+00
   0.0000000e+00
   0.0000000e+00
   0.0000000e+00
   0.0000000e+00
   0.0000000e+00
   0.0000000e+00
   0.0000000e+00
   0.0000000e+00
   0.0000000e+00
   0.0000000e+00
   0.0000000e+00
   0.0000000e+00
   0.0000000e+00
   0.0000000e+00
