-1.252650977744038274e-07
-1.239978840151159373e-07
-1.226952687930881657e-07
-1.213495481697845378e-07
-1.199659855321107319e-07
-1.185347017582282094e-07
-1.170558593258303120e-07
-1.155254020356332993e-07
-1.139393161334897920e-07
-1.122868501827924133e-07
-1.105685489324527430e-07
-1.087732215411750525e-07
-1.068955046006605970e-07
-1.049197449064827887e-07
-1.028369002876453918e-07
-1.006358361426080446e-07
-9.829802707542605039e-08
-9.580038871090625797e-08
-9.312577208062673990e-08
-9.024240262409376712e-08
-8.711654697613292402e-08
-8.371530461085817493e-08
-7.998635731118462879e-08
-7.587566908504778665e-08
-7.131490953569345516e-08
-6.622342501480752885e-08
-6.050942318790850406e-08
-5.404737440927356923e-08
-4.670229770010205507e-08
-3.829916960903905138e-08
-2.863730626899676140e-08
-1.746066532909898724e-08
-4.461779983286633612e-09
1.072619149368863283e-08
2.855648087181137930e-08
4.958357183877188263e-08
7.448139759700799976e-08
1.040749780428891792e-07
1.393753363520926076e-07
1.816245760299274316e-07
2.323375845601422250e-07
2.933832637480200650e-07
3.670546871779985771e-07
4.561738665422964690e-07
5.642013339939100496e-07
6.954047606057817133e-07
8.550402194182761578e-07
1.049557576941331991e-06
1.286906001756197107e-06
1.576861546623169282e-06
1.931436258623920519e-06
2.365399838812652184e-06
2.896867556585758647e-06
3.548074920022675535e-06
4.346233110715607349e-06
5.324642803626177751e-06
6.523951424174136104e-06
7.993696261657129114e-06
9.794119997752291014e-06
1.199829868495225038e-05
1.469465831099036602e-05
1.798987776796636109e-05
2.201224219298061817e-05
2.691550298689187199e-05
3.288323951488819163e-05
4.013376155109485346e-05
4.892556423803070463e-05
5.956330131583312981e-05
7.240429110912789906e-05
8.786537672769546641e-05
1.064301795099475517e-04
1.286564813774181474e-04
1.551835952167041933e-04
1.867394815781372335e-04
2.241473597448923570e-04
2.683314150997940725e-04
3.203213473475500670e-04
3.812552904473576741e-04
4.523809436169258643e-04
5.350541776064396231e-04
6.307355496004550966e-04
7.409832706910657709e-04
8.674444402616227155e-04
1.011842273362694236e-03
1.175961883948780382e-03
1.361633413916252082e-03
1.570713304572265469e-03
1.805065846791220488e-03
2.066543873670370537e-03
2.356971674682997644e-03
2.678130983527648133e-03
3.031749282944092450e-03
3.419494989269167371e-03
3.842980318190420373e-03
4.303768798874660351e-03
4.803393108536399038e-03
5.343384189385756711e-03
5.925308592564945687e-03
6.550817100811714457e-03
7.221704067987967483e-03
7.939976778413827818e-03
8.707938371608357070e-03
9.528278750825012675e-03
1.040417914675242049e-02
1.133942621950506657e-02
1.233853929712549168e-02
1.340690799762107172e-02
1.455095071811358769e-02
1.577828587911879119e-02
1.709791939873981856e-02
1.852046460937886024e-02
2.005838211168564297e-02
2.172625772854636095e-02
2.354111503770277281e-02
2.552277924136997847e-02
2.769429896323769361e-02
3.008242508259656445e-02
3.271816811073478826e-02
3.563743613666875421e-02
3.888179596243215852e-02
4.249928379220210828e-02
4.654543622848111850e-02
5.108433988162283668e-02
5.618990193650763576e-02
6.194726234213018129e-02
6.845429721336945827e-02
7.582331971782259317e-02
8.418284326641067850e-02
9.367945925589943323e-02
1.044796973024817860e-01
1.167717769422055435e-01
1.307672077072296879e-01
1.467018508946732469e-01
1.648365068227822805e-01
1.854563420275011920e-01
2.088691314804553556e-01
2.354016157437575640e-01
2.653935149182156672e-01
2.991886605587412151e-01
3.371225752976824697e-01
3.795058277616090714e-01
4.266032209653955465e-01
4.786075208675698023e-01
5.356089804038124402e-01
5.975605235551018080e-01
6.642397655671473666e-01
7.352103494372883574e-01
8.097850968464260779e-01
8.869948902578492778e-01
9.655679024100769503e-01
1.043923970563390702e+00
1.120190119374360860e+00
1.192240082309908855e+00
1.257762803400600760e+00
1.314359071342171559e+00
1.359664401178005688e+00
1.391493132361343976e+00
1.407990688101731225e+00
1.407784926464471287e+00
1.390117867870265922e+00
1.354943067471818141e+00
1.302975093355994929e+00
1.235681618580273256e+00
1.155212756690220166e+00
1.064273732777966330e+00
9.659503180215295304e-01
8.635051808403783058e-01
7.601654357773686144e-01
6.589240956324984300e-01
5.623742733445463715e-01
4.725906708534373668e-01
3.910658298696172430e-01
3.187011390359555940e-01
2.558460972668137323e-01
2.023744385521777100e-01
1.577835078514708278e-01
1.213026253865559789e-01
9.199825257972131520e-02
6.886699516982429381e-02
5.091052168396423966e-02
3.719039024119936976e-02
2.686331711591720753e-02
1.919940664659593177e-02
1.358691422388205380e-02
9.527383721041206288e-03
6.624729732378727316e-03
4.571198210422382051e-03
3.132466306864593181e-03
2.133354796367299862e-03
1.445046766858468397e-03
9.742230324141611716e-04
6.541833954063047251e-04
4.378258886065748007e-04
2.922453664800177785e-04
1.946736409198770372e-04
1.294890953016064432e-04
8.605217030330938681e-05
5.716244817264359504e-05
3.797336463470599171e-05
2.523746663309040951e-05
1.678688550253720977e-05
1.117869277084639771e-05
7.454642508431791343e-06
4.979377564018827485e-06
3.332054791807056219e-06
2.234047935865469940e-06
1.500884467344287746e-06
1.010373189009840129e-06
6.815094984970366022e-07
4.605279155782676615e-07
3.116931811689772549e-07
2.112093965600853454e-07
1.432036422765763890e-07
9.706345584070384739e-08
6.568081118359791870e-08
4.427957028575530511e-08
2.964671089580284872e-08
1.961411838812560475e-08
1.271500361704535969e-08
7.954942901684079269e-09
4.657615682335669032e-09
2.364172796396194699e-09
7.592970385617827249e-10
-3.721792876375023173e-10
-1.176359819435427605e-09
-1.755257733523776605e-09
-2.178535421951312111e-09
-2.493867672187162685e-09
-2.734515391818549672e-09
-2.923242971368809508e-09
-3.076112423574715265e-09
-3.203391195000678378e-09
-3.313456311795051985e-09
-3.410874300055426018e-09
-3.499240280888423836e-09
-3.581244208673635192e-09
-3.658750296146385244e-09
-3.732020238259086665e-09
-3.802766550257999522e-09
-3.870489828801074709e-09
-3.935765004306291521e-09
-3.998766501035900571e-09
-4.059611059933116214e-09
-4.117808688540396410e-09
-4.173305608543655083e-09
-4.226479161658870651e-09
-4.276507219792521361e-09
-4.323089432840212266e-09
-4.366272550933130088e-09
-4.405884651666954557e-09
-4.441661647348222585e-09
-4.473487462836926219e-09
-4.500949389934624426e-09
-4.523382316002899645e-09
-4.541677091138703489e-09
-4.554403856478396973e-09
