   0.0000000e+00
   0.0000000e+00
   0.0000000e+00
   0.0000000e+00
   0.0000000e+00
   0.0000000e+00
   0.0000000e+00
   0.0000000e+00
   0.0000000e+00
   0.0000000e+00
   0.0000000e+00
   0.0000000e+00
   0.0000000e+00
   0.0000000e+00
   0.0000000e+00
   0.0000000e+00
   0.0000000e+00
   0.0000000e+00
   0.0000000e+00
   0.0000000e+00
   0.0000000e+00
   0.0000000e+00
   0.0000000e+00
   0.0000000e+00
   0.0000000e+00
   0.0000000e+00
   0.0000000e+00
   0.0000000e+00
   0.0000000e+00
   0.0000000e+00
   0.0000000e+00
   0.0000000e+00
   0.0000000e+00
   0.0000000e+00
   0.0000000e+00
   0.0000000e+00
   0.0000000e+00
   0.0000000e+00
   0.0000000e+00
   0.0000000e+00
   0.0000000e+00
   0.0000000e+00
   0.0000000e+00
   0.0000000e+00
   0.0000000e+00
   0.0000000e+00
   0.0000000e+00
   0.0000000e+00
   0.0000000e+00
   0.0000000e+00
   0.0000000e+00
   0.0000000e+00
   0.0000000e+00
   0.0000000e+00
   0.0000000e+00
   0.0000000e+00
   0.0000000e+00
   0.0000000e+00
   0.0000000e+00
   0.0000000e+00
   0.0000000e+00
   0.0000000e+00
   0.0000000e+00
   0.0000000e+00
   0.0000000e+00
   0.0000000e+00
   0.0000000e+00
   0.0000000e+00
   0.0000000e+00
   0.0000000e+00
   0.0000000e+00
   0.0000000e+00
   0.0000000e+00
   0.0000000e+00
   0.0000000e+00
   0.0000000e+00
   0.0000000e+00
   0.0000000e+00
   0.0000000e+00
   0.0000000e+00
   0.0000000e+00
   0.0000000e+00
   0.0000000e+00
   0.0000000e+00
   0.0000000e+00
   0.0000000e+00
   0.0000000e+00
   0.0000000e+00
   0.0000000e+00
   0.0000000e+00
   0.0000000e+00
   0.0000000e+00
   0.0000000e+00
   0.0000000e+00
   0.0000000e+00
   0.0000000e+00
   0.0000000e+00
   0.0000000e+00
   0.0000000e+00
   0.0000000e+00
   0.0000000e+00
   0.0000000e+00
   0.0000000e+00
   0.0000000e+00
   0.0000000e+00
   0.0000000e+00
   0.0000000e+00
   0.0000000e+00
   0.0000000e+00
   0.0000000e+00
   1.3629458e-04
   1.8632387e-04
   3.0118473e-02
   1.1342301e-01
   1.6679982e-01
   1.9328791e-01
   2.0114147e-01
   1.9342505e-01
   1.6630029e-01
   1.3509500e-01
   9.7328777e-02
   6.2206034e-02
   2.3806734e-02
   2.9295392e-03
   2.7694815e-03
   2.5545442e-03
   1.3057507e-03
   7.5610423e-04
   2.6567864e-04
   1.1406312e-08
   6.0675295e-09
   3.8882357e-09
   3.1899885e-09
   3.0769544e-09
   3.5555868e-09
   4.6151642e-09
   9.2699832e-09
   1.5656959e-08
   2.3432295e-08
   1.1881434e-01
   2.5042127e-01
   3.8278951e-01
   5.1431816e-01
   6.4339633e-01
   7.6843257e-01
   8.8788282e-01
   1.0002765e+00
   1.1042404e+00
   1.1985200e+00
   1.2819982e+00
   1.3537110e+00
   1.4128601e+00
   1.4588222e+00
   1.4911560e+00
   1.5096049e+00
   1.5140972e+00
   1.5047438e+00
   1.4818320e+00
   1.4458183e+00
   1.3973168e+00
   1.3370873e+00
   1.2660206e+00
   1.1851218e+00
   1.0954929e+00
   9.9831427e-01
   8.9482436e-01
   7.8629994e-01
   6.7403524e-01
   5.5932138e-01
   4.4342578e-01
   3.2757209e-01
   2.1292070e-01
   1.0055013e-01
   3.9037357e-06
   3.4562796e-06
   2.0887241e-09
   9.6373764e-06
   2.7755405e-05
   4.9185217e-05
   7.2777628e-05
   8.9696969e-05
   1.1135690e-04
   2.2299892e-04
   3.1360578e-03
   1.6469341e-03
   1.5043886e-02
   1.9494333e-02
   3.7615642e-02
   5.5505179e-02
   7.0328757e-02
   8.9898824e-02
   1.0196609e-01
   1.1084593e-01
   1.0869832e-01
   9.8415299e-02
   7.7151745e-02
   3.7386241e-02
   6.6873490e-05
   0.0000000e+00
   0.0000000e+00
   0.0000000e+00
   0.0000000e+00
   0.0000000e+00
   0.0000000e+00
   0.0000000e+00
   0.0000000e+00
   0.0000000e+00
   0.0000000e+00
   0.0000000e+00
   0.0000000e+00
   0.0000000e+00
   0.0000000e+00
   0.0000000e+00
   0.0000000e+00
   0.0000000e+00
   0.0000000e+00
   0.0000000e+00
   0.0000000e+00
   0.0000000e+00
   0.0000000e+00
   0.0000000e+00
   0.0000000e+00
   0.0000000e+00
   0.0000000e+00
   0.0000000e+00
   0.0000000e+00
   0.0000000e+00
   0.0000000e+00
   0.0000000e+00
   0.0000000e+00
   0.0000000e+00
   0.0000000e+00
   0.0000000e+00
   0.0000000e+00
   0.0000000e+00
   0.0000000e+00
   0.0000000e+00
   0.0000000e+00
   0.0000000e+00
   0.0000000e+00
   0.0000000e+00
   0.0000000e+00
   0.0000000e+00
   0.0000000e+00
   0.0000000e+00
   0.0000000e+00
   0.0000000e+00
   0.0000000e+00
   0.0000000e+00
   0.0000000e+00
   0.0000000e+00
   0.0000000e+00
   0.0000000e+00
   0.0000000e+00
   0.0000000e+00
   0.0000000e+00
