   8.5007091e-02
   7.9132523e-02
   7.3271951e-02
   6.7431986e-02
   6.1619532e-02
   5.5841779e-02
   5.0106202e-02
   4.4420561e-02
   3.8792894e-02
   3.3231513e-02
   2.7744994e-02
   2.2342170e-02
   1.7032120e-02
   1.1824154e-02
   6.7277989e-03
   1.7527827e-03
   0.0000000e+00
   0.0000000e+00
   0.0000000e+00
   0.0000000e+00
   0.0000000e+00
   0.0000000e+00
   0.0000000e+00
   0.0000000e+00
   0.0000000e+00
   0.0000000e+00
   0.0000000e+00
   0.0000000e+00
   0.0000000e+00
   0.0000000e+00
   0.0000000e+00
   0.0000000e+00
   0.0000000e+00
   0.0000000e+00
   0.0000000e+00
   0.0000000e+00
   0.0000000e+00
   0.0000000e+00
   0.0000000e+00
   0.0000000e+00
   0.0000000e+00
   0.0000000e+00
   0.0000000e+00
   0.0000000e+00
   0.0000000e+00
   0.0000000e+00
   0.0000000e+00
   0.0000000e+00
   0.0000000e+00
   0.0000000e+00
   0.0000000e+00
   0.0000000e+00
   0.0000000e+00
   0.0000000e+00
   0.0000000e+00
   0.0000000e+00
   2.3861729e-03
   7.6244497e-03
   1.2924451e-02
   1.8254641e-02
   2.3581914e-02
   2.8871718e-02
   3.4088202e-02
   3.9194386e-02
   4.4152351e-02
   4.8923460e-02
   5.3468588e-02
   5.7748396e-02
   6.1723603e-02
   6.5355303e-02
   6.8605286e-02
   7.1436386e-02
   7.3812846e-02
   7.5700697e-02
   7.7068149e-02
   7.7885995e-02
   7.8128015e-02
   7.7771393e-02
   7.6797123e-02
   7.5190413e-02
   7.2941080e-02
   7.0043929e-02
   6.6499109e-02
   6.2312446e-02
   5.7495743e-02
   5.2067046e-02
   4.6050862e-02
   3.9478337e-02
   3.2387374e-02
   2.4822700e-02
   1.6835865e-02
   8.4851823e-03
   0.0000000e+00
   0.0000000e+00
   0.0000000e+00
   0.0000000e+00
   0.0000000e+00
   0.0000000e+00
   0.0000000e+00
   0.0000000e+00
   0.0000000e+00
   0.0000000e+00
   0.0000000e+00
   0.0000000e+00
   0.0000000e+00
   0.0000000e+00
   0.0000000e+00
   0.0000000e+00
   0.0000000e+00
   0.0000000e+00
   0.0000000e+00
   0.0000000e+00
   0.0000000e+00
   0.0000000e+00
   0.0000000e+00
   0.0000000e+00
   0.0000000e+00
   0.0000000e+00
   0.0000000e+00
   0.0000000e+00
   7.1086083e-03
   2.7862826e-02
   5.0304825e-02
   7.4377027e-02
   1.0000918e-01
   1.2711864e-01
   1.5561076e-01
   1.8537934e-01
   2.1630724e-01
   2.4826707e-01
   2.8112191e-01
   3.1472619e-01
   3.4892658e-01
   3.8356299e-01
   4.1846962e-01
   4.5347603e-01
   4.8840827e-01
   5.2309006e-01
   5.5734393e-01
   5.9099244e-01
   6.2385939e-01
   6.5577094e-01
   6.8655686e-01
   7.1605161e-01
   7.4409546e-01
   7.7053561e-01
   7.9522713e-01
   8.1803397e-01
   8.3882985e-01
   8.5749909e-01
   8.7393734e-01
   8.8805228e-01
   8.9976421e-01
   9.0900651e-01
   9.1572609e-01
   9.1988372e-01
   9.2145420e-01
   9.2042651e-01
   9.1680388e-01
   9.1060368e-01
   9.0185727e-01
   8.9060979e-01
   8.7691979e-01
   8.6085882e-01
   8.4251092e-01
   8.2197208e-01
   7.9934952e-01
   7.7476104e-01
   7.4833419e-01
   7.2020544e-01
   6.9051932e-01
   6.5942747e-01
   6.2708767e-01
   5.9366285e-01
   5.5932007e-01
   5.2422950e-01
   4.8856335e-01
   4.5249484e-01
   4.1619717e-01
   3.7984250e-01
   3.4360090e-01
   3.0763942e-01
   2.7212112e-01
   2.3720413e-01
   2.0304083e-01
   1.6977697e-01
   1.3755094e-01
   1.0649304e-01
   7.6724811e-02
   4.8358452e-02
   2.1496293e-02
   0.0000000e+00
   0.0000000e+00
   0.0000000e+00
   0.0000000e+00
   0.0000000e+00
   0.0000000e+00
   0.0000000e+00
   0.0000000e+00
   0.0000000e+00
   0.0000000e+00
   0.0000000e+00
   0.0000000e+00
   0.0000000e+00
   0.0000000e+00
   0.0000000e+00
   0.0000000e+00
   0.0000000e+00
   0.0000000e+00
   0.0000000e+00
   0.0000000e+00
   0.0000000e+00
   0.0000000e+00
   0.0000000e+00
   0.0000000e+00
   0.0000000e+00
   0.0000000e+00
   0.0000000e+00
   0.0000000e+00
   0.0000000e+00
   0.0000000e+00
   0.0000000e+00
   1.0171024e-02
   2.3560612e-02
   3.6499608e-02
   4.8869902e-02
   6.0557300e-02
   7.1452005e-02
   8.1449054e-02
   9.0448725e-02
   9.8356895e-02
   1.0508536e-01
   1.1055212e-01
   1.1468160e-01
   1.1740485e-01
   1.1865969e-01
   1.1839084e-01
   1.1654995e-01
   1.1309566e-01
   1.0799357e-01
   1.0121619e-01
   9.2742852e-02
   8.2559600e-02
   7.0659021e-02
   5.7040061e-02
   4.1707816e-02
   2.4673279e-02
   5.9530824e-03
   0.0000000e+00
   0.0000000e+00
   0.0000000e+00
   0.0000000e+00
   0.0000000e+00
   0.0000000e+00
   0.0000000e+00
   0.0000000e+00
