   4.6426827e-02
   4.3132724e-02
   3.9845586e-02
   3.6569138e-02
   3.3307268e-02
   3.0064037e-02
   2.6843673e-02
   2.3650573e-02
   2.0489297e-02
   1.7364573e-02
   1.4281284e-02
   1.1244472e-02
   8.2593282e-03
   5.3311879e-03
   2.4655218e-03
   0.0000000e+00
   0.0000000e+00
   0.0000000e+00
   0.0000000e+00
   0.0000000e+00
   0.0000000e+00
   0.0000000e+00
   0.0000000e+00
   0.0000000e+00
   0.0000000e+00
   0.0000000e+00
   0.0000000e+00
   0.0000000e+00
   0.0000000e+00
   0.0000000e+00
   0.0000000e+00
   0.0000000e+00
   0.0000000e+00
   0.0000000e+00
   0.0000000e+00
   0.0000000e+00
   0.0000000e+00
   0.0000000e+00
   0.0000000e+00
   0.0000000e+00
   0.0000000e+00
   0.0000000e+00
   0.0000000e+00
   0.0000000e+00
   0.0000000e+00
   0.0000000e+00
   0.0000000e+00
   0.0000000e+00
   0.0000000e+00
   0.0000000e+00
   0.0000000e+00
   0.0000000e+00
   0.0000000e+00
   0.0000000e+00
   0.0000000e+00
   5.6007615e-04
   3.7308148e-03
   6.9629649e-03
   1.0238746e-02
   1.3539245e-02
   1.6844466e-02
   2.0133389e-02
   2.3384045e-02
   2.6573601e-02
   2.9678467e-02
   3.2674407e-02
   3.5536681e-02
   3.8240183e-02
   4.0759616e-02
   4.3069666e-02
   4.5145197e-02
   4.6961470e-02
   4.8494358e-02
   4.9720592e-02
   5.0618011e-02
   5.1165823e-02
   5.1344882e-02
   5.1137960e-02
   5.0530038e-02
   4.9508597e-02
   4.8063898e-02
   4.6189277e-02
   4.3881424e-02
   4.1140652e-02
   3.7971161e-02
   3.4381282e-02
   3.0383695e-02
   2.5995637e-02
   2.1239072e-02
   1.6140832e-02
   1.0732724e-02
   5.0515946e-03
   0.0000000e+00
   0.0000000e+00
   0.0000000e+00
   0.0000000e+00
   0.0000000e+00
   0.0000000e+00
   0.0000000e+00
   0.0000000e+00
   0.0000000e+00
   0.0000000e+00
   0.0000000e+00
   0.0000000e+00
   0.0000000e+00
   0.0000000e+00
   0.0000000e+00
   0.0000000e+00
   0.0000000e+00
   0.0000000e+00
   0.0000000e+00
   0.0000000e+00
   0.0000000e+00
   0.0000000e+00
   0.0000000e+00
   0.0000000e+00
   0.0000000e+00
   0.0000000e+00
   0.0000000e+00
   2.9405612e-03
   1.8940979e-02
   3.6516183e-02
   5.5653446e-02
   7.6328951e-02
   9.8507586e-02
   1.2214284e-01
   1.4717675e-01
   1.7354000e-01
   2.0115207e-01
   2.2992149e-01
   2.5974619e-01
   2.9051396e-01
   3.2210295e-01
   3.5438232e-01
   3.8721294e-01
   4.2044819e-01
   4.5393475e-01
   4.8751362e-01
   5.2102101e-01
   5.5428944e-01
   5.8714879e-01
   6.1942743e-01
   6.5095335e-01
   6.8155533e-01
   7.1106412e-01
   7.3931359e-01
   7.6614191e-01
   7.9139271e-01
   8.1491617e-01
   8.3657010e-01
   8.5622100e-01
   8.7374503e-01
   8.8902894e-01
   9.0197090e-01
   9.1248130e-01
   9.2048346e-01
   9.2591420e-01
   9.2872438e-01
   9.2887933e-01
   9.2635914e-01
   9.2115892e-01
   9.1328888e-01
   9.0277436e-01
   8.8965572e-01
   8.7398817e-01
   8.5584142e-01
   8.3529931e-01
   8.1245931e-01
   7.8743190e-01
   7.6033991e-01
   7.3131773e-01
   7.0051050e-01
   6.6807312e-01
   6.3416935e-01
   5.9897071e-01
   5.6265538e-01
   5.2540713e-01
   4.8741407e-01
   4.4886750e-01
   4.0996069e-01
   3.7088768e-01
   3.3184200e-01
   2.9301553e-01
   2.5459726e-01
   2.1677213e-01
   1.7971994e-01
   1.4361417e-01
   1.0862103e-01
   7.4898396e-02
   4.2594930e-02
   1.1849198e-02
   0.0000000e+00
   0.0000000e+00
   0.0000000e+00
   0.0000000e+00
   0.0000000e+00
   0.0000000e+00
   0.0000000e+00
   0.0000000e+00
   0.0000000e+00
   0.0000000e+00
   0.0000000e+00
   0.0000000e+00
   0.0000000e+00
   0.0000000e+00
   0.0000000e+00
   0.0000000e+00
   0.0000000e+00
   0.0000000e+00
   0.0000000e+00
   0.0000000e+00
   0.0000000e+00
   0.0000000e+00
   0.0000000e+00
   0.0000000e+00
   0.0000000e+00
   0.0000000e+00
   0.0000000e+00
   0.0000000e+00
   0.0000000e+00
   0.0000000e+00
   6.7289276e-05
   1.7821575e-02
   3.5184066e-02
   5.1993617e-02
   6.8092504e-02
   8.3327190e-02
   9.7549052e-02
   1.1061506e-01
   1.2238842e-01
   1.3273915e-01
   1.4154459e-01
   1.4868993e-01
   1.5406856e-01
   1.5758251e-01
   1.5914267e-01
   1.5866912e-01
   1.5609128e-01
   1.5134803e-01
   1.4438785e-01
   1.3516878e-01
   1.2365846e-01
   1.0983400e-01
   9.3681915e-02
   7.5197918e-02
   5.4386730e-02
   3.1261834e-02
   5.8451904e-03
   0.0000000e+00
   0.0000000e+00
   0.0000000e+00
   0.0000000e+00
   0.0000000e+00
   0.0000000e+00
   0.0000000e+00
   0.0000000e+00
