6.776263578034402918e-34
6.497985788756705342e-06
2.701009256692859660e-05
6.316852610033846704e-05
1.167549120310609170e-04
1.897129026746833755e-04
2.841618115466355626e-04
4.024113580932893756e-04
5.469776116730487234e-04
7.206002309235941088e-04
9.262611023050951143e-04
1.167204489870164209e-03
1.446958817227685405e-03
1.769360212291351368e-03
2.138577955790797649e-03
2.559141985734062538e-03
3.035972622110110885e-03
3.574412689179341969e-03
4.180262226795429352e-03
4.859815997413322909e-03
5.619904011857315695e-03
6.467935314642439884e-03
7.411945288766612697e-03
8.460646760531058755e-03
9.623485207222027063e-03
1.091069839452754771e-02
1.233338079650890193e-02
1.390355317894771160e-02
1.563423775710972435e-02
1.753953937158039475e-02
1.963473316102486155e-02
2.193635924871108894e-02
2.446232500062909057e-02
2.723201545728117998e-02
3.026641258896346429e-02
3.358822407588550607e-02
3.722202237008289533e-02
4.119439485608786949e-02
4.553410599208615461e-02
5.027227238317945324e-02
5.544255181379729308e-02
6.108134734769941898e-02
6.722802769184996197e-02
7.392516511524171996e-02
8.121879231604722804e-02
8.915867974087397785e-02
9.779863497903774905e-02
1.071968259833386006e-01
1.174161300075692860e-01
1.285245103007150169e-01
1.405954227593848582e-01
1.537082549143825028e-01
1.679487998154935990e-01
1.834097675816413198e-01
2.001913376026753788e-01
2.184017546155606893e-01
2.381579721329102617e-01
2.595863469772023979e-01
2.828233889712024607e-01
3.080165701558107982e-01
3.353251982526396224e-01
3.649213594620830947e-01
3.969909360906688223e-01
4.317347049363837175e-01
