3.240301515712538317e-08
3.973575765359648098e-08
4.864998395725271917e-08
5.946878058937191453e-08
7.257724760728122244e-08
8.843355498273686972e-08
1.075817989708609439e-07
1.306669185597310001e-07
1.584519636412829995e-07
1.918380408621008559e-07
2.318873002542915133e-07
2.798493657308161960e-07
3.371916553291508477e-07
4.056340826194703966e-07
4.871886788107479409e-07
5.842047255661176905e-07
6.994200410655655270e-07
8.360191160180162987e-07
9.976988516021414894e-07
1.188742707057687988e-06
1.414104120070923822e-06
1.679500117264692792e-06
1.991516083920483741e-06
2.357722710261594164e-06
2.786806174768573446e-06
3.288712661451440222e-06
3.874808335948770923e-06
4.558055922754583977e-06
5.353209030595414807e-06
6.277025362621290716e-06
7.348499920098284362e-06
8.589119260014682093e-06
1.002313779563442916e-05
1.167787703165841124e-05
1.358404849934619057e-05
1.577610099876624808e-05
1.829259256239427087e-05
2.117658732379738972e-05
2.447607720455087556e-05
2.824442801952144644e-05
3.254084924327234080e-05
3.743088627709918785e-05
4.298693360614942526e-05
4.928876673892079431e-05
5.642409027765540115e-05
6.448909887908497226e-05
7.358904723297125360e-05
8.383882451431768051e-05
9.536352805859361177e-05
1.082990302736280201e-04
1.227925320441896153e-04
1.390030951141975075e-04
1.571021451569911645e-04
1.772739364775202946e-04
1.997159685444950615e-04
2.246393438396387563e-04
2.522690558506371101e-04
2.828441954407779593e-04
3.166180633191987442e-04
3.538581759294892647e-04
3.948461517900452890e-04
4.398774651762228757e-04
4.892610540511188903e-04
5.433187693474246256e-04
6.023846530950979382e-04
6.668040334952422864e-04
7.369324258744819854e-04
8.131342295290336624e-04
8.957812117937159280e-04
9.852507722553003038e-04
1.081923981875271452e-03
1.186183393893651145e-03
1.298410625747897784e-03
1.418983713849257013e-03
1.548274245898224400e-03
1.686644278470812545e-03
1.834443050842195742e-03
1.992003509402831118e-03
2.159638660527522618e-03
2.337637773338059003e-03
2.526262457407946194e-03
2.725742644041783628e-03
2.936272503266275629e-03
3.158006332035766164e-03
3.391054452320889628e-03
3.635479160651315222e-03
3.891290773258700934e-03
4.158443813150569830e-03
4.436833387178222045e-03
4.726291802383291406e-03
5.026585471563526156e-03
5.337412158040093745e-03
5.658398608993552015e-03
5.989098625429794751e-03
6.328991614815321007e-03
6.677481669668552250e-03
7.033897211906494848e-03
7.397491238532212174e-03
7.767442199328519238e-03
8.142855531630377799e-03
8.522765871028714288e-03
8.906139950070446343e-03
9.291880189734648757e-03
9.678828980765734682e-03
1.006577364392468449e-02
1.045145204998212604e-02
1.083455887193352125e-02
1.121375243358482474e-02
1.158766211045930868e-02
1.195489623103811010e-02
1.231405041879411744e-02
1.266371630843571121e-02
1.300249056336328680e-02
1.332898411567198620e-02
1.364183154521410313e-02
1.393970051035898182e-02
1.422130114023988437e-02
1.448539529652368915e-02
1.473080561213293421e-02
1.495642421492513613e-02
1.516122104610806952e-02
1.534425168613914349e-02
1.550466460500056660e-02
1.564170775901823490e-02
1.575473446274163261e-02
1.584320847174624375e-02
1.590670822046435715e-02
1.594493016818420220e-02
1.595769121605730700e-02
1.594493016818420220e-02
1.590670822046435715e-02
1.584320847174624375e-02
1.575473446274163261e-02
1.564170775901823490e-02
1.550466460500056660e-02
1.534425168613914349e-02
1.516122104610806952e-02
1.495642421492513613e-02
1.473080561213293421e-02
1.448539529652368915e-02
1.422130114023988437e-02
1.393970051035898182e-02
1.364183154521410313e-02
1.332898411567198620e-02
1.300249056336328680e-02
1.266371630843571121e-02
1.231405041879411744e-02
1.195489623103811010e-02
1.158766211045930868e-02
1.121375243358482474e-02
1.083455887193352125e-02
1.045145204998212604e-02
1.006577364392468449e-02
9.678828980765734682e-03
9.291880189734648757e-03
8.906139950070446343e-03
8.522765871028714288e-03
8.142855531630377799e-03
7.767442199328519238e-03
7.397491238532212174e-03
7.033897211906494848e-03
6.677481669668552250e-03
6.328991614815321007e-03
5.989098625429794751e-03
5.658398608993552015e-03
5.337412158040093745e-03
5.026585471563526156e-03
4.726291802383291406e-03
4.436833387178222045e-03
4.158443813150569830e-03
3.891290773258700934e-03
3.635479160651315222e-03
3.391054452320889628e-03
3.158006332035766164e-03
2.936272503266275629e-03
2.725742644041783628e-03
2.526262457407946194e-03
2.337637773338059003e-03
2.159638660527522618e-03
1.992003509402831118e-03
1.834443050842195742e-03
1.686644278470812545e-03
1.548274245898224400e-03
1.418983713849257013e-03
1.298410625747897784e-03
1.186183393893651145e-03
1.081923981875271452e-03
9.852507722553003038e-04
8.957812117937159280e-04
8.131342295290336624e-04
7.369324258744819854e-04
6.668040334952422864e-04
6.023846530950979382e-04
5.433187693474246256e-04
4.892610540511188903e-04
4.398774651762228757e-04
3.948461517900452890e-04
3.538581759294892647e-04
3.166180633191987442e-04
2.828441954407779593e-04
2.522690558506371101e-04
2.246393438396387563e-04
1.997159685444950615e-04
1.772739364775202946e-04
1.571021451569911645e-04
1.390030951141975075e-04
1.227925320441896153e-04
1.082990302736280201e-04
9.536352805859361177e-05
8.383882451431768051e-05
7.358904723297125360e-05
6.448909887908497226e-05
5.642409027765540115e-05
4.928876673892079431e-05
4.298693360614942526e-05
3.743088627709918785e-05
3.254084924327234080e-05
2.824442801952144644e-05
2.447607720455087556e-05
2.117658732379738972e-05
1.829259256239427087e-05
1.577610099876624808e-05
1.358404849934619057e-05
1.167787703165841124e-05
1.002313779563442916e-05
8.589119260014682093e-06
7.348499920098284362e-06
6.277025362621290716e-06
5.353209030595414807e-06
4.558055922754583977e-06
3.874808335948770923e-06
3.288712661451440222e-06
2.786806174768573446e-06
2.357722710261594164e-06
1.991516083920483741e-06
1.679500117264692792e-06
1.414104120070923822e-06
1.188742707057687988e-06
9.976988516021414894e-07
8.360191160180162987e-07
6.994200410655655270e-07
5.842047255661176905e-07
4.871886788107479409e-07
4.056340826194703966e-07
3.371916553291508477e-07
2.798493657308161960e-07
2.318873002542915133e-07
1.918380408621008559e-07
1.584519636412829995e-07
1.306669185597310001e-07
1.075817989708609439e-07
8.843355498273686972e-08
7.257724760728122244e-08
5.946878058937191453e-08
4.864998395725271917e-08
3.973575765359648098e-08
