6.567142600049770104e-07
7.084505760851404093e-07
7.653060252707969051e-07
8.278573863757794405e-07
8.967524520518602610e-07
9.727195279640298189e-07
1.056577608176699180e-06
1.149249543297121351e-06
1.251774173465610453e-06
1.365322480212377308e-06
1.491217592807994557e-06
1.630951033396323399e-06
1.786208148610872178e-06
1.958894235817879288e-06
2.151162450074926623e-06
2.365450370531398627e-06
2.604517484397281015e-06
2.871485576038252152e-06
3.169892609125571899e-06
3.503747898216261821e-06
3.877595167293126642e-06
4.296581119961634268e-06
4.766546981175368937e-06
5.294112487641919616e-06
5.886783147797241038e-06
6.553068920593822514e-06
7.302618614553382872e-06
8.146361708697039564e-06
9.096693693114236336e-06
1.016764950819672031e-05
1.137512101203186722e-05
1.273708759677089982e-05
1.427389538722675679e-05
1.600852926960460057e-05
1.796694949050740793e-05
2.017844999842360382e-05
2.267604858755325269e-05
2.549692768341125433e-05
2.868288110883359385e-05
3.228086496250118952e-05
3.634356052880978341e-05
4.092990945488251755e-05
4.610585023632118775e-05
5.194491795023207153e-05
5.852903716904613566e-05
6.594923094075225460e-05
7.430648108251119261e-05
8.371248861441295546e-05
9.429048763462580089e-05
1.061761490513809055e-04
1.195184110865038708e-04
1.344802290831524584e-04
1.512394369983555045e-04
1.699893239785760105e-04
1.909394771830171087e-04
2.143160956247107992e-04
2.403626705747284088e-04
2.693398968292511661e-04
3.015260629799056190e-04
3.372168852139989363e-04
3.767249098374689763e-04
4.203794569812689826e-04
4.685250753701210237e-04
5.215209369173968903e-04
5.797389691218950364e-04
6.435626523239682548e-04
7.133844492661625333e-04
7.896034943154305432e-04
8.726232313118993189e-04
9.628485361958292544e-04
1.060681764957763099e-03
1.166520581885097932e-03
1.280753747452293128e-03
1.403756977062410507e-03
1.535890762098270816e-03
1.677495028739785492e-03
1.828886190837677962e-03
1.990354294525188261e-03
2.162157188839005251e-03
2.344520330114562966e-03
2.537631686891864396e-03
2.741638504423026153e-03
2.956647256580186532e-03
3.182717677639451334e-03
3.419865654743597678e-03
3.668054848081358198e-03
3.927203261820063664e-03
4.197175174526646645e-03
4.477782977154090745e-03
4.768785899961990558e-03
5.069890036680511566e-03
5.380748799815386098e-03
5.700955484548591960e-03
6.030055346846947308e-03
6.367532188805040579e-03
6.712815077533334368e-03
7.065279036886614253e-03
7.424241228429611858e-03
7.788961309729360710e-03
8.158643883271268771e-03
8.532434571217883956e-03
8.909426181502469108e-03
9.288656074436556914e-03
9.669104781219224273e-03
1.004970124443087254e-02
1.042932537470588582e-02
1.080681030233384375e-02
1.118094277615543260e-02
1.155046698714903668e-02
1.191409307924865164e-02
1.227050777022092171e-02
1.261836589567820292e-02
1.295630639074310357e-02
1.328296873597017980e-02
1.359697813556004151e-02
1.389697969655836682e-02
1.418164074485114660e-02
1.444964305065792043e-02
1.469972867772661486e-02
1.493067404334393229e-02
1.514132271692518981e-02
1.533059670063080179e-02
1.549749832136761846e-02
1.564112124388555500e-02
1.576066152682419758e-02
1.585543735917300731e-02
1.592487430627827910e-02
1.596854123319672858e-02
1.598612293979585069e-02
1.597745237606958135e-02
1.594250502951516379e-02
1.588139318046379381e-02
1.579437598487006336e-02
1.568185682655600516e-02
1.554436857497240414e-02
1.538258801636405680e-02
1.519731716180280912e-02
1.498947690341698516e-02
1.476010390955174480e-02
1.451032908645607036e-02
1.424138874151851912e-02
1.395458384494193370e-02
1.365129468062133838e-02
1.333294981613669314e-02
1.300101408226179631e-02
1.265699349656351780e-02
1.230239576776385318e-02
1.193873962685374976e-02
1.156753267962484788e-02
1.119025556373283957e-02
1.080836670401577257e-02
1.042327602393620586e-02
1.003634980129601388e-02
9.648893257616917782e-03
9.262150868424724737e-03
8.877301218281653805e-03
8.495445328376113533e-03
8.117622010302224037e-03
7.744777147425342331e-03
7.377793032323528948e-03
7.017473115433124631e-03
6.664539066284558277e-03
6.319640842752332829e-03
5.983356798056874495e-03
5.656194167990509329e-03
5.338589538258559607e-03
5.030916317114578380e-03
4.733484783755393527e-03
4.446545845899524570e-03
4.170294948556096254e-03
3.904871996813326623e-03
3.650368351356924647e-03
3.406826875370953193e-03
3.174245248060131048e-03
2.952580733685548735e-03
2.741749309596819891e-03
2.541631320980203279e-03
2.352073504527189655e-03
2.172890379644521353e-03
2.003866224268313970e-03
1.844761176594241717e-03
1.695309482489244833e-03
1.555224642823605776e-03
1.424201317118275589e-03
1.301917739300625584e-03
1.188038119633864215e-03
1.082216035990171557e-03
9.840955147806527189e-04
8.933150847709132652e-04
8.095093786107958496e-04
7.323112010641451806e-04
6.613544394464866433e-04
5.962760994081376135e-04
5.367173844542990485e-04
4.823271868626057435e-04
4.327619164551616362e-04
3.876883468661299135e-04
3.467841075204560722e-04
3.097391369539216296e-04
2.762563250149271412e-04
2.460527293257266782e-04
2.188593968647159895e-04
1.944223433351557732e-04
1.725022056446033386e-04
1.528746447862772682e-04
1.353301608434217998e-04
1.196736629892347647e-04
1.057243379421836561e-04
9.331514604525299565e-05
8.229224551244998748e-05
7.251450258723311977e-05
6.385281367086631846e-05
5.618946199227415559e-05
4.941739600387161949e-05
4.343961705939500376e-05
3.816843934770617648e-05
3.352480271404033140e-05
2.943759067942110558e-05
2.584304640032430384e-05
2.268408505895452737e-05
1.990972670546252142e-05
1.747456090085813119e-05
1.533818280947944919e-05
1.346473007286973157e-05
1.182242570802453448e-05
1.038315594615913211e-05
9.122080711851708880e-06
8.017291941961665066e-06
7.049491020595281253e-06
6.201695571169191847e-06
5.458981440764610890e-06
4.808243427005809016e-06
4.237986730987409868e-06
3.738135895036198084e-06
3.299865563959115807e-06
2.915451755628687214e-06
2.578136920999009320e-06
2.282013205691443864e-06
2.021916253358325485e-06
1.793333815719365177e-06
1.592323886861955572e-06
1.415444124082391959e-06
1.259688412467515265e-06
1.122430813449336060e-06
1.001379715234582025e-06
8.945326790603246614e-07
8.001410801619002003e-07
7.166775007083999843e-07
6.428072785425923085e-07
5.773641163054082425e-07
5.193281279721725501e-07
4.678075062772354823e-07
4.220218809429823052e-07
3.812884083369825194e-07
3.450089146801293087e-07
3.126593398816865801e-07
