   0.0000000e+00
   0.0000000e+00
   0.0000000e+00
   0.0000000e+00
   0.0000000e+00
   0.0000000e+00
   0.0000000e+00
   0.0000000e+00
   0.0000000e+00
   0.0000000e+00
   0.0000000e+00
   0.0000000e+00
   0.0000000e+00
   0.0000000e+00
   7.5356925e-06
   2.2060104e-05
   3.5963558e-05
   4.9217093e-05
   6.1792871e-05
   7.3664427e-05
   8.4806933e-05
   9.5197480e-05
   1.0481538e-04
   1.1364251e-04
   1.2166361e-04
   1.2886671e-04
   1.3524344e-04
   1.4078953e-04
   1.4550514e-04
   1.4939537e-04
   1.5247071e-04
   1.5474750e-04
   1.5624846e-04
   1.5700320e-04
   1.5704874e-04
   1.5643007e-04
   1.5520067e-04
   1.5342313e-04
   1.5116964e-04
   1.4852264e-04
   1.4557530e-04
   1.4243216e-04
   1.3920960e-04
   1.3603642e-04
   1.3305433e-04
   1.3041843e-04
   1.2829767e-04
   1.2687524e-04
   1.2634892e-04
   1.2693139e-04
   1.2885049e-04
   1.3234933e-04
   1.3768643e-04
   1.4513569e-04
   1.5498626e-04
   1.6754237e-04
   1.8312298e-04
   2.0206131e-04
   2.2470428e-04
   2.5141174e-04
   2.8255560e-04
   3.1851879e-04
   3.5969402e-04
   4.0648244e-04
   4.5929203e-04
   5.1853589e-04
   5.8463030e-04
   6.5799263e-04
   7.3903904e-04
   8.2818201e-04
   9.2582769e-04
   1.0323731e-03
   1.1482033e-03
   1.2736879e-03
   1.4091784e-03
   1.5550042e-03
   1.7114698e-03
   1.8788506e-03
   2.0573902e-03
   2.2472960e-03
   2.4487361e-03
   2.6618357e-03
   2.8866739e-03
   3.1232799e-03
   3.3716301e-03
   3.6316456e-03
   3.9031885e-03
   4.1860604e-03
   4.4799998e-03
   4.7846801e-03
   5.0997088e-03
   5.4246259e-03
   5.7589038e-03
   6.1019468e-03
   6.4530920e-03
   6.8116097e-03
   7.1767055e-03
   7.5475217e-03
   7.9231403e-03
   8.3025858e-03
   8.6848292e-03
   9.0687916e-03
   9.4533497e-03
   9.8373398e-03
   1.0219565e-02
   1.0598798e-02
   1.0973792e-02
   1.1343285e-02
   1.1706004e-02
   1.2060677e-02
   1.2406037e-02
   1.2740831e-02
   1.3063825e-02
   1.3373816e-02
   1.3669632e-02
   1.3950146e-02
   1.4214280e-02
   1.4461009e-02
   1.4689372e-02
   1.4898474e-02
   1.5087494e-02
   1.5255687e-02
   1.5402392e-02
   1.5527031e-02
   1.5629119e-02
   1.5708259e-02
   1.5764151e-02
   1.5796589e-02
   1.5805464e-02
   1.5790761e-02
   1.5752567e-02
   1.5691058e-02
   1.5606508e-02
   1.5499281e-02
   1.5369832e-02
   1.5218700e-02
   1.5046508e-02
   1.4853957e-02
   1.4641823e-02
   1.4410949e-02
   1.4162246e-02
   1.3896679e-02
   1.3615270e-02
   1.3319087e-02
   1.3009238e-02
   1.2686867e-02
   1.2353145e-02
   1.2009268e-02
   1.1656446e-02
   1.1295897e-02
   1.0928846e-02
   1.0556512e-02
   1.0180108e-02
   9.8008292e-03
   9.4198537e-03
   9.0383324e-03
   8.6573863e-03
   8.2781010e-03
   7.9015224e-03
   7.5286525e-03
   7.1604460e-03
   6.7978064e-03
   6.4415833e-03
   6.0925700e-03
   5.7515009e-03
   5.4190497e-03
   5.0958285e-03
   4.7823861e-03
   4.4792080e-03
   4.1867156e-03
   3.9052668e-03
   3.6351563e-03
   3.3766163e-03
   3.1298181e-03
   2.8948733e-03
   2.6718353e-03
   2.4607023e-03
   2.2614185e-03
   2.0738776e-03
   1.8979248e-03
   1.7333605e-03
   1.5799426e-03
   1.4373905e-03
   1.3053880e-03
   1.1835866e-03
   1.0716095e-03
   9.6905469e-04
   8.7549869e-04
   7.9049995e-04
   7.1360240e-04
   6.4433887e-04
   5.8223445e-04
   5.2680970e-04
   4.7758385e-04
   4.3407777e-04
   3.9581689e-04
   3.6233384e-04
   3.3317110e-04
   3.0788326e-04
   2.8603929e-04
   2.6722450e-04
   2.5104230e-04
   2.3711585e-04
   2.2508939e-04
   2.1462945e-04
   2.0542584e-04
   1.9719239e-04
   1.8966755e-04
   1.8261479e-04
   1.7582275e-04
   1.6910530e-04
   1.6230138e-04
   1.5527465e-04
   1.4791306e-04
   1.4012818e-04
   1.3185451e-04
   1.2304856e-04
   1.1368790e-04
   1.0377005e-04
   9.3311338e-05
   8.2345646e-05
   7.0923114e-05
   5.9108787e-05
   4.6981217e-05
   3.4631052e-05
   2.2159602e-05
   9.6773939e-06
   0.0000000e+00
   0.0000000e+00
   0.0000000e+00
   0.0000000e+00
   0.0000000e+00
   0.0000000e+00
   0.0000000e+00
   0.0000000e+00
   0.0000000e+00
   0.0000000e+00
   0.0000000e+00
   0.0000000e+00
   0.0000000e+00
   0.0000000e+00
   0.0000000e+00
   0.0000000e+00
   0.0000000e+00
   0.0000000e+00
   0.0000000e+00
   0.0000000e+00
   0.0000000e+00
   0.0000000e+00
   7.0105933e-06
   2.9557402e-05
   5.4459949e-05
   8.1714738e-05
   1.1130895e-04
   1.4322070e-04
   1.7741933e-04
