4.040413424140957810e-07
4.404374462585239764e-07
4.808224321689524420e-07
5.256828409058770787e-07
5.755770997025258257e-07
6.311338135740351038e-07
6.930661706058281145e-07
7.621872186235521891e-07
8.394169774971507693e-07
9.258024898826867025e-07
1.022538279238076610e-06
1.130978235463754122e-06
1.252668447377292070e-06
1.389369135486556840e-06
1.543085524789474410e-06
1.716105724807842618e-06
1.911042662995182358e-06
2.130868180301528891e-06
2.378980652140821472e-06
2.659259576465389972e-06
2.976131433396210003e-06
3.334636852710165628e-06
3.740550593768939104e-06
4.200446829111700764e-06
4.721830231992006363e-06
5.313256244736076402e-06
5.984490949148796726e-06
6.746630370270442977e-06
7.612353364193072665e-06
8.596072250349097517e-06
9.714180683616242316e-06
1.098527746145510484e-05
1.243053201495855766e-05
1.407390601258346620e-05
1.594254722193398969e-05
1.806718551934968409e-05
2.048251664471753496e-05
2.322770912295760572e-05
2.634676592748905021e-05
2.988923455130664851e-05
3.391078932245041044e-05
3.847355275139352791e-05
4.364716271028294111e-05
4.950904790494142370e-05
5.614545038852335684e-05
6.365190584037444825e-05
7.213430593615314460e-05
8.170937741965707756e-05
9.250532433936010717e-05
1.046628622388516967e-04
1.183359092925177574e-04
1.336919250927746190e-04
1.509129262972274603e-04
1.701952931914760270e-04
1.917511864893534611e-04
2.158077117530640546e-04
2.426083952275384734e-04
2.724114100851353013e-04
3.054909190919931632e-04
3.421364379335782276e-04
3.826509797917683389e-04
4.273529734022792287e-04
4.765718057616844406e-04
5.306493661971106203e-04
5.899364821173243593e-04
6.547941102506394479e-04
7.255888998296804865e-04
8.026914795112958124e-04
8.864757542330558519e-04
9.773168273927615012e-04
1.075584555157697245e-03
1.181647125677401508e-03
1.295865005826173739e-03
1.418585892423343108e-03
1.550149845148068297e-03
1.690878550182990788e-03
1.841076517884327737e-03
2.001032298051055001e-03
2.171004040032663198e-03
2.351232543312595843e-03
2.541928550311598096e-03
2.743268179585686695e-03
2.955402948622104248e-03
3.178438690977951949e-03
3.412457369727177510e-03
3.657481031246277887e-03
3.913509159775104516e-03
4.180481524547044470e-03
4.458289474620639493e-03
4.746770616625333242e-03
5.045709279271850221e-03
5.354838483466849673e-03
5.673802335553408335e-03
6.002215099368145637e-03
6.339593730630305526e-03
6.685390411500006201e-03
7.038995290879435270e-03
7.399717075131985802e-03
7.766784547747245665e-03
8.139358550976317705e-03
8.516512097787375807e-03
8.897260798880233384e-03
9.280548620838689061e-03
9.665239288552156943e-03
1.005013912954168948e-02
1.043400578311259007e-02
1.081555258706094237e-02
1.119344176126340143e-02
1.156629204769193259e-02
1.193270644861675091e-02
1.229130707289247115e-02
1.264067133347284051e-02
1.297938591817529054e-02
1.330609995930743909e-02
1.361941699452794141e-02
1.391802947515508385e-02
1.420068968594109110e-02
1.446612723177046270e-02
1.471323305662130057e-02
1.494088153855018322e-02
1.514804600129965664e-02
1.533380607954781122e-02
1.549730888728925206e-02
1.563777690752275393e-02
1.575451919215464097e-02
1.584698875451814176e-02
1.591467222620554858e-02
1.595723741183829522e-02
1.597437076121939817e-02
1.596591856797830583e-02
1.593184628082057464e-02
1.587220414252356673e-02
1.578717942139939642e-02
1.567709215763313582e-02
1.554233786837336956e-02
1.538348217204596122e-02
1.520119873905990092e-02
1.499627113828579106e-02
1.476961786130348737e-02
1.452223189905974161e-02
1.425528284345300468e-02
1.396996286556821502e-02
1.366761610179872619e-02
1.334963357339405583e-02
1.301745031081825467e-02
1.267261210193487350e-02
1.231664273911024093e-02
1.195112819360234606e-02
1.157765272415367010e-02
1.119776340765462133e-02
1.081302773648696626e-02
1.042494242094942243e-02
1.003498053325207681e-02
9.644534839318638642e-03
9.254933441807389194e-03
8.867442123906358817e-03
8.483208732727872195e-03
8.103355239763956538e-03
7.728828887479935981e-03
7.360555155791110443e-03
6.999353354584031232e-03
6.645933202606249188e-03
6.300927248747292299e-03
5.964897517382344687e-03
5.638324456814048508e-03
5.321600279325651266e-03
5.015058604017973848e-03
4.718969299018179082e-03
4.433539878738567384e-03
4.158925922048155657e-03
3.895225215494541905e-03
3.642493450429359729e-03
3.400740532201441957e-03
3.169931474934482764e-03
2.950002425328398983e-03
2.740843951992995905e-03
2.542319469813157911e-03
2.354263573796127034e-03
2.176480303113172317e-03
2.008740085690064164e-03
1.850802037390600514e-03
1.702393150175154826e-03
1.563224446637351446e-03
1.432989628428857744e-03
1.311366422301554627e-03
1.198019203602743426e-03
1.092604319196408078e-03
9.947662831461074814e-04
9.041479318338330792e-04
8.203881051885125427e-04
7.431238985262308971e-04
6.719948471677860942e-04
6.066455500882473630e-04
5.467229018050852795e-04
4.918860830263975786e-04
4.417990003754989378e-04
3.961386641859218996e-04
3.545923254600597094e-04
3.168602003875753198e-04
2.826549618857973254e-04
2.517048236627903715e-04
2.237503972182904770e-04
1.985479837589818096e-04
1.758670628087982441e-04
1.554919908143673527e-04
1.372214759623709764e-04
1.208672577414589738e-04
1.062547391461874828e-04
9.322224663183296739e-05
8.162016901005809965e-05
7.131080556899027797e-05
6.216751011523954874e-05
5.407415476554880353e-05
4.692431053737998345e-05
4.062097669594580060e-05
3.507573982475337219e-05
3.020815434689460579e-05
2.594508406127197771e-05
2.222042586238009323e-05
1.897426034735563781e-05
1.615246330458005474e-05
1.370630147593658033e-05
1.159183158792992872e-05
9.769577169677293583e-06
8.204126495424499894e-06
6.863755655756604565e-06
5.720086300440827652e-06
4.747808052994213051e-06
3.924390536919558916e-06
3.229818472454622556e-06
2.646365576391865650e-06
2.158371111346268634e-06
1.752050189130241446e-06
1.415306514702000306e-06
1.137566042612861137e-06
9.096257516719933425e-07
7.235088820693663528e-07
5.723363146418575574e-07
4.502032108965384153e-07
3.520693807135173966e-07
2.736557560723661941e-07
2.113518277112855214e-07
1.621290041713974842e-07
1.234625802250565584e-07
9.326280618389173009e-08
6.980993873178315747e-08
5.169918022606027204e-08
3.779107184421219868e-08
2.716739573875356696e-08
1.909375388492585897e-08
1.298699115145937531e-08
8.387342859585572620e-09
4.934752592190207071e-09
2.349635055801764413e-09
4.162419218722979570e-10
-1.030881766124559451e-09
