1.000004407709196519e+00
9.997258677413262129e-01
9.989260295763850994e-01
9.974550090059914886e-01
9.953028992432589872e-01
9.924061505491789115e-01
9.886549584007832125e-01
9.839752712683023095e-01
9.783258037686358710e-01
9.715776352040296215e-01
9.637382085201632309e-01
9.546387057614798000e-01
9.442418072199785239e-01
9.324472898558000544e-01
9.192675533008067834e-01
9.045868565477256373e-01
8.883737023949255240e-01
8.705885027719698632e-01
8.512281959649415919e-01
8.302384757813612293e-01
8.077143663557837527e-01
7.836289582668887199e-01
7.580669927205779812e-01
7.310857021729663119e-01
7.027909947636926669e-01
6.732719508089984872e-01
6.427230322206179958e-01
6.112378031788689992e-01
5.790708697969358942e-01
5.463691842810451949e-01
5.133138948884740094e-01
4.801666515153487635e-01
4.471226047886223687e-01
4.143925983364512011e-01
3.821957261961188568e-01
3.507313246581980071e-01
3.202129969939947474e-01
2.907986051710712561e-01
2.626689071471107195e-01
2.359471384484911061e-01
2.107020427711406574e-01
1.870745783966070164e-01
1.651198317360938750e-01
1.448314722112574726e-01
1.262889978745606601e-01
1.093976871651802102e-01
9.417390590264956840e-02
8.053604433579242272e-02
6.842318189776748494e-02
5.773069508331590827e-02
4.838688041169433851e-02
4.024780723233450930e-02
3.325870053865218751e-02
2.730027715712188968e-02
2.223501052794015290e-02
1.798457435605656241e-02
1.444193959951060695e-02
1.150397152896264451e-02
9.103268819113633989e-03
7.155228211715421692e-03
5.550575191837445535e-03
4.296061432013498216e-03
3.297503310306334253e-03
2.503926183338785628e-03
