6.209973903953951941e-06
6.489178078304778495e-06
6.787018812758366849e-06
7.104962879225111999e-06
7.444623222523584532e-06
7.807745245269754927e-06
8.196235467051644861e-06
8.612178186101422626e-06
9.057844254738404925e-06
9.535712667262066409e-06
1.004850133255104552e-05
1.059917188452480823e-05
1.119097261528616962e-05
1.182745521143143633e-05
1.251250831536613914e-05
1.325039584482341171e-05
1.404579854538386047e-05
1.490383275630571384e-05
1.583012558559747609e-05
1.683085282417663437e-05
1.791279503498907638e-05
1.908338741821439166e-05
2.035082452750917244e-05
2.172409657441467487e-05
2.321309460748566684e-05
2.482869216962014315e-05
2.658286090966407089e-05
2.848874690851813682e-05
3.056085059813005647e-05
3.281511594266989706e-05
3.526909575017640736e-05
3.794208821854353077e-05
4.085537574731066754e-05
4.403235383430757169e-05
4.749877812311629967e-05
5.128300434705411936e-05
5.541622023932328539e-05
5.993275418173656078e-05
6.487030338568009749e-05
7.027035895073823596e-05
7.617855224211475052e-05
8.264490860678965043e-05
8.972445124915060508e-05
9.747746885360316044e-05
1.059701259334917334e-04
1.152748736073668477e-04
1.254711114295949267e-04
1.366456611907015451e-04
1.488933454777838174e-04
1.623177406988872461e-04
1.770318354536184698e-04
1.931586365026730198e-04
2.108320229002364659e-04
2.301972886386163906e-04
2.514121925426766380e-04
2.746474117437678122e-04
3.000876636974322332e-04
3.279320069744695219e-04
3.583949688916386839e-04
3.917071647021178114e-04
4.281156530322955192e-04
4.678851285131376014e-04
5.112976384549429605e-04
5.586535822461153548e-04
6.102715007269169734e-04
6.664887692312156369e-04
7.276609576369454189e-04
7.941616032892061770e-04
8.663819650395928858e-04
9.447302466572629360e-04
1.029629707226358210e-03
1.121518401418453333e-03
1.220846693515157235e-03
1.328074632953115970e-03
1.443670827436354656e-03
1.568107874302839336e-03
1.701859646503239842e-03
1.845398064585511899e-03
1.999186528182904116e-03
2.163677985404187203e-03
2.339307801761175785e-03
2.526487693947926903e-03
2.725602008257609152e-03
2.936997913234331691e-03
3.160983210762975237e-03
3.397813313322525872e-03
3.647691614369892414e-03
3.910756029600849157e-03
4.187074640967496791e-03
4.476638311914703065e-03
4.779354800315694339e-03
5.095043421749253197e-03
5.423422846272022736e-03
5.764117750916313530e-03
6.116642258276972118e-03
6.480403108409991952e-03
6.854698312906966177e-03
7.238712391095766460e-03
7.631516784043014187e-03
8.032073489526206714e-03
8.439233587730386038e-03
8.851747029390660132e-03
9.268264549087995574e-03
9.687342208145358416e-03
1.010745302072954543e-02
1.052699711304738023e-02
1.094431190767396894e-02
1.135768089095417002e-02
1.176534635001896117e-02
1.216552645102592090e-02
1.255643473540750746e-02
1.293627963125356349e-02
1.330328830306447101e-02
1.365573031305137262e-02
1.399190844563634635e-02
1.431019851234475136e-02
1.460905579607609840e-02
1.488700933314337366e-02
1.514271055909384607e-02
1.537490675269964288e-02
1.558247356231340884e-02
1.576442440576948309e-02
1.591990916854821997e-02
1.604822073350736095e-02
1.614880206141870375e-02
1.622125957368874757e-02
1.626534262845887729e-02
1.628097365902146654e-02
1.626821115655092270e-02
1.622727858702649115e-02
1.615855018671582752e-02
1.606253799783705083e-02
1.593989758054622022e-02
1.579141847546349994e-02
1.561800297183535760e-02
1.542067892523300322e-02
1.520057527486289722e-02
1.495891220080709100e-02
1.469699608136956423e-02
1.441619914618368428e-02
1.411796296293169918e-02
1.380376492362137865e-02
1.347512817124803947e-02
1.313359326964507953e-02
1.278070824926010041e-02
1.241803285502919747e-02
1.204710239708591500e-02
1.166944199381713017e-02
1.128654083445339296e-02
1.089984448456818647e-02
1.051075793479871665e-02
1.012062564988231751e-02
9.730732856790659871e-03
9.342297068886810593e-03
8.956464668337356730e-03
8.574309318802609756e-03
8.196823379544849325e-03
7.824930721623230695e-03
7.459462622261171447e-03
7.101180721536516638e-03
6.750769106092329580e-03
6.408829104606523532e-03
6.075888333225007258e-03
5.752404951876614880e-03
5.438764786972984620e-03
5.135285115859265608e-03
4.842221009459486865e-03
4.559765696406328783e-03
4.288055882732873594e-03
4.027174811489057059e-03
3.777154704500774139e-03
3.537980908301772368e-03
3.309596346443162505e-03
3.091903562693201074e-03
2.884769895292821785e-03
2.688027721997314750e-03
2.501481342328921564e-03
2.324907848348985433e-03
2.158061103642448103e-03
2.000672256233674250e-03
1.852457274932047676e-03
1.713115080565458465e-03
1.582332425209164849e-03
1.459786564438134279e-03
1.345146679936293005e-03
1.238076375520399345e-03
1.138236421592856481e-03
1.045285970193605973e-03
9.588851330958629224e-04
8.786965593156675566e-04
8.043864528227450458e-04
7.356266951812482540e-04
6.720963485855793035e-04
6.134815297796190761e-04
5.594784890321836436e-04
5.097923370094405507e-04
4.641392753021995714e-04
4.222464253983485277e-04
3.838525890479874267e-04
3.487083050837298543e-04
3.165766738619654134e-04
2.872325838047265164e-04
2.604635552095359015e-04
2.360689213613466504e-04
2.138601593413518422e-04
1.936605849592688887e-04
1.753047497602768813e-04
1.586383990804394117e-04
1.435180016598971314e-04
1.298102075046156823e-04
1.173915241551261508e-04
1.061477862959349773e-04
9.597367216871140823e-05
8.677214974628835579e-05
7.845412040636504537e-05
7.093784824657050660e-05
6.414846927853848314e-05
5.801750509271661106e-05
5.248252165627456320e-05
4.748656657572672960e-05
4.297779498522993419e-05
3.890912238475816032e-05
3.523776424273132959e-05
3.192493248163052739e-05
2.893549807800089807e-05
2.623766741484289446e-05
2.380268233554059162e-05
2.160456755479008315e-05
1.961987763001565437e-05
1.782745727667901000e-05
1.620823540029237944e-05
1.474502341829349215e-05
1.342234171659200523e-05
1.222625346254927810e-05
1.114421028069044872e-05
1.016492542041686829e-05
9.278240102993858007e-06
8.475023446650815955e-06
7.747056394630885296e-06
7.086951210092845734e-06
6.488059753544231150e-06
5.944405838107528715e-06
5.450613418338737931e-06
5.001843818367238374e-06
4.593747970889828339e-06
4.222408486051060929e-06
3.884299795260596904e-06
3.576248862777985958e-06
3.295397660123824587e-06
3.039172054414635024e-06
2.805251571548582831e-06
2.591545469389145746e-06
2.396167385219628641e-06
2.217417640618681098e-06
2.053760846009400570e-06
1.903812098420072371e-06
