1.000471128378175978e+00
9.985468021651167092e-01
1.000344409040193394e+00
9.971454837237738733e-01
9.945895166159800516e-01
9.932844415907633451e-01
9.895059506694141582e-01
9.833451131921615573e-01
9.783413431722640663e-01
9.693573777802082514e-01
9.648767435385141589e-01
9.556207320224694435e-01
9.451855978174048545e-01
9.304462481974086208e-01
9.189368168100741086e-01
9.045889537281192050e-01
8.887751011492945885e-01
8.708747037057791296e-01
8.525361421740796919e-01
8.287070397532655397e-01
8.075137465559191208e-01
7.829795488153268312e-01
7.582584798245657343e-01
7.316336065268035371e-01
7.040959644021737018e-01
6.728073387196087385e-01
6.433918305598080867e-01
6.094389467761479606e-01
5.788895923977458446e-01
5.474175634552644887e-01
5.129200331833301263e-01
4.805007146899891168e-01
4.481597072577679364e-01
4.154280768920022848e-01
3.830508060526842118e-01
3.506104540361626998e-01
3.203364627803655940e-01
2.904790384115113477e-01
2.635021648574658593e-01
2.383141886329646630e-01
2.107774803399672658e-01
1.865137970974052872e-01
1.651556122424393258e-01
1.427772450164848106e-01
1.265343120770883178e-01
1.085095022209388999e-01
9.403847905924826722e-02
8.055415062967601070e-02
6.917104151101716170e-02
5.794381091312558740e-02
4.921947886336752037e-02
3.881645569497183673e-02
3.187074741556980562e-02
2.720036816980866620e-02
2.169225066967763946e-02
1.784140108667367844e-02
1.479241962091627782e-02
1.146881364471813783e-02
9.663349570371831260e-03
8.685429959071993417e-03
4.586081517161194609e-03
4.226420025035353828e-03
3.602392383478690910e-03
2.297512471158890367e-03
